time temp susc csusc
 0             0             0             0             0            no
 00000    39.3    -156.7   .0
 00020    42.1    -156.5   .0
 00035    44.3    -156.8   .0
 00053    47.0    -156.7   .0
 00068    49.2    -156.9   .0
 00086    51.8    -156.8   .0
 00105    54.5    -156.9   .0
 00122    57.2    -156.8   .0
 00137    59.4    -157.0   .0
 00156    62.2    -156.8   .0
 00174    65.0    -157.0   .0
 00192    67.8    -156.9   .0
 00207    70.1    -157.0   .0
 00225    72.9    -157.0   .0
 00242    75.7    -157.1   .0
 00257    78.0    -156.9   .0
 00275    80.9    -157.1   .0
 00294    83.8    -157.1   .0
 00309    86.2    -157.1   .0
 00327    89.1    -157.1   .0
 00342    91.7    -157.2   .0
 00360    94.6    -157.1   .0
 00377    97.3    -157.2   .0
 00395    100.2    -157.2   .0
 00410    102.8    -157.2   .0
 00426    105.5    -157.1   .0
 00442    108.1    -157.3   .0
 00460    111.1    -157.1   .0
 00476    113.8    -157.3   .0
 00493    116.8    -157.2   .0
 00509    119.5    -157.3   .0
 00527    122.5    -157.2   .0
 00542    125.0    -157.4   .0
 00559    128.1    -157.3   .0
 00575    130.8    -157.4   .0
 00593    133.9    -157.3   .0
 00610    137.0    -157.5   .0
 00628    140.1    -157.2   .0
 00646    143.2    -157.4   .0
 00664    146.4    -157.3   .0
 00679    149.1    -157.5   .0
 00697    152.4    -157.3   .0
 00715    155.5    -157.4   .0
 00733    158.7    -157.5   .0
 00749    161.7    -157.5   .0
 00764    164.5    -157.4   .0
 00781    167.5    -157.6   .0
 00799    170.8    -157.4   .0
 00815    173.6    -157.5   .0
 00833    177.0    -157.5   .0
 00850    180.2    -157.4   .0
 00868    183.5    -157.3   .0
 00885    186.6    -157.6   .0
 00903    189.9    -157.3   .0
 00918    192.8    -157.6   .0
 00937    196.3    -157.4   .0
 00954    199.6    -157.6   .0
 00972    203.0    -157.5   .0
 00988    205.9    -157.7   .0
 01005    209.2    -157.6   .0
 01020    212.0    -157.7   .0
 01038    215.5    -157.5   .0
 01053    218.3    -157.7   .0
 01072    221.8    -157.6   .0
 01087    224.8    -157.7   .0
 01104    228.1    -157.6   .0
 01119    231.0    -157.7   .0
 01138    234.5    -157.6   .0
 01153    237.5    -157.8   .0
 01170    240.8    -157.6   .0
 01187    244.1    -157.8   .0
 01204    247.4    -157.6   .0
 01222    250.8    -157.7   .0
 01240    254.4    -157.7   .0
 01257    257.8    -157.8   .0
 01275    261.2    -157.7   .0
 01293    264.7    -157.6   .0
 01310    268.1    -157.6   .0
 01326    271.3    -157.8   .0
 01344    274.8    -157.6   .0
 01361    278.2    -157.8   .0
 01380    281.8    -157.7   .0
 01397    285.2    -157.8   .0
 01415    288.9    -157.6   .0
 01433    292.3    -157.9   .0
 01450    295.8    -157.7   .0
 01466    298.8    -157.8   .0
 01484    302.4    -157.6   .0
 01499    305.4    -157.7   .0
 01517    309.1    -157.6   .0
 01535    312.7    -157.5   .0
 01553    316.3    -157.6   .0
 01569    319.5    -157.7   .0
 01587    323.0    -157.7   .0
 01602    326.1    -157.7   .0
 01620    329.7    -157.7   .0
 01636    332.8    -157.8   .0
 01654    336.4    -157.7   .0
 01669    339.5    -157.8   .0
 01685    342.6    -157.7   .0
 01700    345.6    -157.7   .0
 01715    348.6    -157.6   .0
 01731    352.0    -157.7   .0
 01749    355.6    -157.8   .0
 01766    358.8    -157.7   .0
 01783    362.4    -157.7   .0
 01798    365.4    -157.7   .0
 01813    368.4    -157.5   .0
 01830    371.9    -157.7   .0
 01849    375.5    -157.6   .0
 01864    378.5    -157.5   .0
 01881    382.1    -157.6   .0
 01897    385.3    -157.7   .0
 01913    388.4    -157.5   .0
 01928    391.4    -157.6   .0
 01946    395.0    -157.7   .0
 01962    398.2    -157.5   .0
 01980    401.8    -157.5   .0
 01996    405.1    -157.7   .0
 02014    408.6    -157.5   .0
 02028    411.6    -157.5   .0
 02047    415.2    -157.5   .0
 02063    418.4    -157.6   .0
 02078    421.4    -157.4   .0
 02095    424.8    -157.4   .0
 02113    428.4    -157.3   .0
 02129    431.6    -157.3   .0
 02146    435.0    -157.3   .0
 02163    438.4    -157.3   .0
 02178    441.3    -157.4   .0
 02193    444.4    -157.2   .0
 02211    447.9    -157.3   .0
 02228    451.3    -157.2   .0
 02244    454.4    -157.2   .0
 02260    457.7    -157.2   .0
 02275    460.6    -157.1   .0
 02291    463.7    -157.1   .0
 02310    467.4    -157.0   .0
 02326    470.5    -157.0   .0
 02343    473.9    -157.1   .0
 02358    476.9    -156.9   .0
 02375    480.1    -156.8   .0
 02392    483.5    -156.7   .0
 02410    486.9    -156.7   .0
 02425    489.9    -156.5   .0
 02441    493.0    -156.6   .0
 02460    496.6    -156.6   .0
 02475    499.6    -156.5   .0
 02490    502.5    -156.4   .0
 02506    505.5    -156.3   .0
 02522    508.5    -156.2   .0
 02540    512.0    -156.1   .0
 02556    515.0    -156.1   .0
 02574    518.5    -156.1   .0
 02589    521.4    -155.8   .0
 02605    524.3    -155.9   .0
 02622    527.7    -155.8   .0
 02638    530.6    -155.7   .0
 02653    533.5    -155.6   .0
 02671    536.9    -155.7   .0
 02687    539.8    -155.4   .0
 02702    542.6    -155.4   .0
 02720    546.0    -155.4   .0
 02735    548.9    -155.3   .0
 02753    552.1    -155.2   .0
 02770    555.3    -155.2   .0
 02788    558.6    -155.1   .0
 02803    561.4    -154.9   .0
 02818    564.1    -154.7   .0
 02836    567.3    -154.8   .0
 02852    570.2    -154.7   .0
 02867    573.0    -154.7   .0
 02886    576.3    -154.8   .0
 02903    579.4    -154.5   .0
 02918    582.2    -154.3   .0
 02933    584.9    -154.2   .0
 02951    588.1    -154.5   .0
 02966    590.8    -154.2   .0
 02983    593.6    -154.1   .0
 03001    596.8    -154.1   .0
 03016    599.5    -153.9   .0
 03032    602.3    -154.0   .0
 03048    605.0    -154.0   .0
 03065    607.9    -154.1   .0
 03082    611.0    -154.6   .0
 03100    614.0    -155.2   .0
 03115    616.5    -155.9   .0
 03132    619.5    -156.8   .0
 03151    622.6    -157.7   .0
 03166    625.2    -158.6   .0
 03182    627.8    -158.9   .0
 03198    630.5    -159.2   .0
 03215    633.4    -159.5   .0
 03233    636.3    -159.6   .0
 03249    638.9    -159.6   .0
 03264    641.4    -159.4   .0
 03281    644.1    -159.8   .0
 03299    647.0    -159.8   .0
 03314    649.5    -159.5   .0
 03329    651.9    -159.4   .0
 03347    654.8    -159.8   .0
 03365    657.6    -159.7   .0
 03381    660.1    -159.8   .0
 03399    662.9    -159.7   .0
 03415    665.4    -159.7   .0
 03433    668.2    -159.8   .0
 03450    670.7    -159.9   .0
 03468    673.4    -159.8   .0
 03485    676.1    -160.0   .0
 03501    678.4    -159.6   .0
 03517    680.8    -159.7   .0
 03535    683.5    -159.9   .0
 03550    685.7    -159.7   .0
 03566    688.1    -159.8   .0
 03584    690.7    -160.1   .0
 00005    691.2    -159.8    .0
 00018    692.6    -159.7    .0
 00037    694.7    -160.0    .0
 00052    696.5    -159.9    .0
 00070    698.7    -159.9    .0
 00085    700.7    -159.7    .0
 00100    702.6    -159.8    .0
 00118    700.2    -159.9    .0
 00136    697.8    -159.6    .0
 00153    695.5    -159.9    .0
 00171    693.1    -159.8    .0
 00189    690.7    -159.9    .0
 00206    688.3    -159.8    .0
 00223    685.8    -159.7    .0
 00241    683.2    -159.8    .0
 00257    681.0    -159.8    .0
 00274    678.5    -159.5    .0
 00292    675.9    -159.8    .0
 00309    673.4    -159.9    .0
 00325    671.1    -159.6    .0
 00343    668.5    -159.8    .0
 00361    665.8    -159.7    .0
 00378    663.2    -159.7    .0
 00395    660.5    -159.7    .0
 00413    657.9    -159.6    .0
 00430    655.3    -159.6    .0
 00447    652.6    -159.8    .0
 00464    649.9    -159.7    .0
 00481    647.3    -159.6    .0
 00497    644.7    -159.5    .0
 00515    641.9    -159.6    .0
 00533    639.1    -159.5    .0
 00548    636.6    -159.4    .0
 00565    633.8    -159.4    .0
 00583    630.9    -159.4    .0
 00601    628.0    -159.4    .0
 00618    625.2    -159.3    .0
 00635    622.3    -159.2    .0
 00651    619.7    -158.6    .0
 00668    616.9    -158.5    .0
 00686    613.8    -157.9    .0
 00702    611.2    -157.3    .0
 00720    608.1    -156.5    .0
 00737    605.2    -155.7    .0
 00754    602.2    -155.3    .0
 00770    599.5    -154.8    .0
 00788    596.4    -154.8    .0
 00806    593.3    -154.9    .0
 00821    590.6    -154.7    .0
 00839    587.5    -154.8    .0
 00856    584.4    -155.0    .0
 00874    581.4    -155.2    .0
 00891    578.3    -155.4    .0
 00908    575.2    -155.5    .0
 00926    572.0    -155.6    .0
 00942    569.2    -155.7    .0
 00959    566.1    -155.7    .0
 00976    562.9    -155.8    .0
 00993    559.8    -156.1    .0
 01009    557.0    -156.0    .0
 01024    554.1    -156.3    .0
 01043    550.8    -156.3    .0
 01058    548.0    -156.3    .0
 01075    544.7    -156.4    .0
 01093    541.5    -156.2    .0
 01109    538.6    -156.7    .0
 01124    535.7    -156.5    .0
 01141    532.5    -156.7    .0
 01159    529.1    -156.7    .0
 01176    526.0    -156.8    .0
 01193    522.7    -156.8    .0
 01210    519.5    -156.8    .0
 01227    516.3    -156.8    .0
 01244    513.1    -156.8    .0
 01262    509.7    -157.0    .0
 01277    506.7    -156.9    .0
 01292    503.8    -156.9    .0
 01311    500.2    -156.7    .0
 01329    496.8    -157.0    .0
 01344    493.8    -157.0    .0
 01360    490.8    -157.1    .0
 01375    487.9    -156.9    .0
 01391    484.9    -156.9    .0
 01409    481.4    -157.1    .0
 01424    478.3    -157.1    .0
 01439    475.4    -156.8    .0
 01457    472.0    -157.1    .0
 01475    468.4    -157.0    .0
 01490    465.4    -157.1    .0
 01506    462.4    -157.0    .0
 01521    459.4    -157.0    .0
 01539    455.9    -157.2    .0
 01556    452.5    -157.1    .0
 01572    449.5    -157.1    .0
 01589    446.1    -157.2    .0
 01604    443.0    -157.0    .0
 01620    440.0    -157.0    .0
 01637    436.5    -157.1    .0
 01655    433.1    -157.2    .0
 01670    430.0    -157.1    .0
 01685    426.9    -157.1    .0
 01703    423.4    -157.2    .0
 01719    420.3    -157.0    .0
 01734    417.4    -157.1    .0
 01752    413.8    -157.1    .0
 01769    410.3    -157.2    .0
 01785    407.2    -157.1    .0
 01801    403.9    -157.1    .0
 01819    400.3    -157.1    .0
 01836    397.1    -157.1    .0
 01852    393.7    -157.1    .0
 01870    390.2    -157.1    .0
 01887    386.8    -157.0    .0
 01905    383.3    -157.1    .0
 01922    379.8    -157.0    .0
 01939    376.4    -157.0    .0
 01957    372.9    -157.2    .0
 01972    369.8    -156.9    .0
 01990    366.3    -157.2    .0
 02008    362.7    -156.8    .0
 02026    359.1    -157.1    .0
 02044    355.5    -157.0    .0
 02059    352.4    -157.1    .0
 02075    349.3    -157.1    .0
 02090    346.4    -157.0    .0
 02107    342.9    -157.1    .0
 02125    339.4    -157.2    .0
 02140    336.4    -157.0    .0
 02156    333.3    -157.1    .0
 02174    329.7    -156.9    .0
 02190    326.6    -157.1    .0
 02208    323.0    -157.1    .0
 02223    319.9    -157.0    .0
 02238    317.0    -157.0    .0
 02255    313.6    -157.0    .0
 02270    310.7    -157.0    .0
 02286    307.6    -156.9    .0
 02303    304.3    -157.0    .0
 02321    300.8    -156.9    .0
 02336    297.8    -156.9    .0
 02351    294.8    -156.9    .0
 02367    291.7    -156.9    .0
 02386    288.1    -157.1    .0
 02401    285.0    -156.9    .0
 02417    282.1    -157.0    .0
 02432    279.1    -156.8    .0
 02450    275.7    -156.9    .0
 02465    272.7    -156.7    .0
 02482    269.4    -156.9    .0
 02501    265.8    -156.9    .0
 02516    263.0    -156.6    .0
 02531    260.1    -156.7    .0
 02548    256.7    -156.8    .0
 02564    253.7    -156.6    .0
 02582    250.3    -156.7    .0
 02600    246.9    -156.7    .0
 02615    244.1    -156.5    .0
 02630    241.2    -156.4    .0
 02647    238.0    -156.4    .0
 02665    234.5    -156.4    .0
 02682    231.4    -156.3    .0
 02698    228.4    -156.5    .0
 02716    225.0    -156.3    .0
 02733    222.0    -156.2    .0
 02751    218.6    -156.3    .0
 02767    215.5    -156.1    .0
 02783    212.7    -156.1    .0
 02800    209.5    -156.0    .0
 02817    206.4    -155.9    .0
 02834    203.4    -155.9    .0
 02852    200.1    -155.8    .0
 02868    197.3    -155.7    .0
 02885    194.1    -155.6    .0
 02900    191.4    -155.5    .0
 02918    188.3    -155.4    .0
 02935    185.2    -155.4    .0
 02952    182.2    -155.2    .0
 02967    179.6    -155.2    .0
 02982    176.9    -155.0    .0
 02998    174.1    -155.0    .0
 03013    171.4    -154.8    .0
 03028    168.8    -154.8    .0
 03047    165.6    -154.6    .0
 03062    162.9    -154.5    .0
 03080    159.9    -154.4    .0
 03095    157.3    -154.3    .0
 03110    154.8    -154.2    .0
 03127    151.9    -154.1    .0
 03142    149.4    -153.9    .0
 03157    146.9    -153.7    .0
 03172    144.3    -153.6    .0
 03189    141.4    -153.5    .0
 03207    138.5    -153.3    .0
 03223    135.8    -153.3    .0
 03239    133.3    -153.1    .0
 03255    130.7    -152.8    .0
 03270    128.3    -152.8    .0
 03288    125.4    -152.6    .0
 03304    122.8    -152.5    .0
 03321    120.1    -152.3    .0
 03338    117.4    -152.2    .0
 03354    115.0    -152.1    .0
 03369    112.5    -151.8    .0
 03385    110.1    -151.7    .0
 03403    107.3    -151.6    .0
 03418    105.0    -151.2    .0
 03436    102.3    -151.3    .0
 03454    99.6    -150.8    .0
 03472    96.8    -150.8    .0
 03490    94.2    -150.6    .0
 03506    91.8    -150.4    .0
 03523    89.4    -150.2    .0
 03538    87.1    -150.1    .0
 03554    84.9    -150.0    .0
 03569    82.7    -149.8    .0
 03585    80.4    -149.6    .0
 03603    77.9    -149.4    .0
 03618    75.8    -149.2    .0
 03636    73.3    -148.9    .0
 03651    71.2    -148.9    .0
 03669    68.8    -148.5    .0
 03686    66.5    -148.5    .0
 03704    64.0    -148.2    .0
 03721    61.8    -148.0    .0
 03739    59.5    -147.8    .0
 03754    57.4    -147.6    .0
 03772    55.2    -147.4    .0
 03788    53.1    -147.3    .0
 03803    51.2    -147.0    .0
 03822    48.9    -146.9    .0
