Specimen_ID	Depth_m	Mass_mg	Mass_kg	Bcr_mT	Bc_mT	Brh_mT	Bih_mT	Ms_Am^2	Ms_Am2Kg-1	Mrs_Am^2	Mrs_Am2Kg-1	Xhf_m^3	Xhf_m^3Kg-1	Shape	Mrs/Ms	Bcr/Bc
ssk115_347	943.6	7710	0.006725	42.11	12.5	40.4	44.2	3.66E-06	5.02E-04	7.92E-07	1.13E-04	2.83E-10	4.83E-08	0.098	2.26E-01	3.3688
ssk115_336	951.8	7510	0.006525	48.91	14.9	46.8	53.7	4.55E-06	6.53E-04	9.18E-07	1.36E-04	4.85E-10	8.07E-08	-0.016	2.08E-01	3.282550336
ssk115_337	952.2	6860	0.005875	45.88	13.5	48.6	50.5	4.29E-06	6.81E-04	8.74E-07	1.43E-04	3.78E-10	7.14E-08	-0.015	2.11E-01	3.398518519
ssk115_338	954.5	7560	0.006575	47.58	17	42.1	45.9	3.63E-06	5.09E-04	9.57E-07	1.41E-04	5.77E-10	9.41E-08	0.039	2.77E-01	2.798823529
ssk115_339	955.43	7550	0.006565	43.35	12.2	46.5	46.4	5.24E-06	7.55E-04	1.02E-06	1.51E-04	5.02E-10	8.28E-08	0.015	2.00E-01	3.553278689
ssk115_340	956.47	7060	0.006075	45.23	15.4	48.8	66.7	5.32E-06	8.29E-04	8.96E-07	1.42E-04	4.40E-10	7.93E-08	0.161	1.72E-01	2.937012987
ssk115_341	957.95	7740	0.006755	38.05	11.6	40.4	56.3	4.40E-06	6.09E-04	6.64E-07	9.37E-05	1.91E-10	3.44E-08	-0.181	1.54E-01	3.280172414
ssk115_342	958.34	5060	0.00506	35.96	12.2	41.5	45.1	2.83E-06	5.25E-04	4.93E-07	9.28E-05	2.98E-10	6.73E-08	-0.134	1.77E-01	2.947540984
SSK115_343	959.75	5000	0.005	44.9	14	49.2	56.7	5.08E-06	9.81E-04	9.54E-07	1.86E-04	2.40E-10	5.65E-08	0.1	1.90E-01	3.207142857
SSK115_344	960.95	5505	0.005505	43.52	8.8	106.5	61.4	5.48E-06	9.43E-04	4.28E-07	7.21E-05	1.28E-10	3.08E-08	0.175	7.64E-02	4.945454545
ssk115_345	961.4	4720	0.00472	44.64	14.3	37.3	67.8	4.30E-06	8.50E-04	7.39E-07	1.50E-04	1.40E-10	3.85E-08	-0.159	1.76E-01	3.121678322
ssk115_346	962.19	5455	0.005455	43.85	13.6	243.1	94.8	3.46E-06	5.82E-04	5.88E-07	1.02E-04	1.28E-10	3.11E-08	0.86	1.75E-01	3.224264706
ssk115_348	964.23	6275	0.006275	42.56	12.57	39.03	110.2	6.41E-06	9.76E-04	9.47E-07	1.46E-04	2.86E-10	5.22E-08	1.03	1.50E-01	3.3858393
ssk115_349	965.2	7055	0.007055	44.55	12.2	49.4	75.5	5.83E-06	7.86E-04	8.33E-07	1.14E-04	2.36E-10	3.93E-08	-0.229	1.45E-01	3.651639344
ssk115_350	966.15	7665	0.007665	44.5	14.1	53	72.6	5.98E-06	7.43E-04	8.96E-07	1.13E-04	2.48E-10	3.78E-08	-0.042	1.52E-01	3.156028369
ssk115_351	967.45	7385	0.007385	46.53	13.4	48.4	66.2	5.07E-06	6.48E-04	8.56E-07	1.12E-04	2.80E-10	4.35E-08	-0.048	1.72E-01	3.47238806
ssk115_352	968.95	7575	0.007575	41.26	12.87	49.59	104.1	4.63E-06	5.73E-04	6.86E-07	8.64E-05	2.32E-10	3.61E-08	0.67	1.51E-01	3.205905206
ssk115_353	969.5	6755	0.006755	38.68	11.67	51.99	87.7	4.87E-06	6.79E-04	7.21E-07	1.02E-04	2.43E-10	4.21E-08	0.96	1.50E-01	3.314481577
ssk115_354_2	970.5	5210	0.00521	43.92	16	43.6	36	1.97E-06	3.45E-04	5.93E-07	1.09E-04	1.63E-10	3.94E-08	0.017	3.17E-01	2.745
ssk115_355	971.44	5160	0.00516	40.6	12.8	43.6	48.4	2.65E-06	4.80E-04	4.96E-07	9.16E-05	1.39E-10	3.51E-08	0.026	1.91E-01	3.171875
ssk115_356	972.2	7225	0.007225	36.18	9.65	43.99	85.6	3.59E-06	4.57E-04	4.45E-07	5.73E-05	1.12E-10	2.13E-08	0.98	1.25E-01	3.749222798
ssk115_357	973.72	7265	0.007265	34.46	6.9	61.03	102.2	4.39E-06	5.65E-04	3.25E-07	4.04E-05	2.60E-10	4.15E-08	0.42	7.16E-02	4.994202899
ssk115_358	974.25	7125	0.007125	24.85	6.81	32.16	90.6	1.17E-05	1.60E-03	1.08E-06	1.47E-04	3.16E-10	5.02E-08	1.01	9.19E-02	3.649045521
ssk115_359	975.46	6725	0.006725	23.81	7.1	31.41	89.5	7.28E-06	1.04E-03	8.24E-07	1.18E-04	2.71E-10	4.65E-08	1.24	1.13E-01	3.353521127
ssk115_360	976.48	6835	0.006835	32.69	7.01	29.46	106.8	5.58E-06	7.75E-04	4.98E-07	6.83E-05	3.46E-10	5.67E-08	0.93	8.82E-02	4.663338088
ssk115_361	977.4	8015	0.008015	33.95	8.02	38.07	99.7	4.60E-06	5.38E-04	5.07E-07	5.94E-05	1.97E-10	2.98E-08	1.08	1.10E-01	4.233167082
SSK152749	979.76	4435	0.008015	38.16	10.1	180.7	31	1.50E-06	1.51E-04	3.64E-07	4.15E-05	1.63E-10	2.55E-08	0.8	0.27419532	3.778217822
SSK152752	982.75	4495	0.008015	46.63	13.4	297.7	52.9	2.92E-06	3.29E-04	6.01E-07	7.11E-05	1.83E-10	2.80E-08	0.468	0.216346884	3.479850746
SSK152753	985.83	4485	0.008015	42.25	10.4	53.7	62.6	3.03E-06	3.42E-04	4.86E-07	5.67E-05	1.45E-10	2.33E-08	0.463	0.165759549	4.0625
SSK152754	988.56	5055	0.008015	44.41	9.9	238.3	60.5	2.54E-06	2.81E-04	3.84E-07	4.40E-05	1.12E-10	1.92E-08	0.691	0.156540259	4.485858586
