Specimen_ID	Depth_m	Mass_mg	Mass_kg	Bcr_mT	Bc_mT	Brh_mT	Bih_mT	Ms_Am^2	Ms_Am2Kg-1	Mrs_Am^2	Mrs_Am2Kg-1	Xhf_m^3	Xhf_m^3Kg-1	Shape	Mrs/Ms	Bcr/Bc
SSK115_402	1650.7	5830	0.00583	87.72	13.2	111.9	53.6	1.70E-05	2.89E-03	2.68E-06	4.56E-04	7.20E-11	1.96E-08	0.651	1.58E-01	6.645454545
SSK115_403	1658.2	5240	0.00524	115.6	16.4	126.5	53.6	3.89E-05	7.39E-03	7.84E-06	1.49E-03	1.50E-10	3.67E-08	0.748	2.02E-01	7.048780488
ssk115_404	1658.85	6305	0.006305	104.7	15.9	129.2	58.1	4.92E-05	7.76E-03	8.67E-06	1.37E-03	7.13E-11	1.79E-08	0.657	1.77E-01	6.58490566
ssk115_405	1659.45	6175	0.006175	134.3	30.2	151.6	67.7	1.97E-05	3.14E-03	5.86E-06	9.44E-04	1.46E-10	3.04E-08	0.62	3.00E-01	4.447019868
SSK115_406	1661.54	6050	0.00605	167.1	58	182.2	101.7	1.79E-05	2.93E-03	6.90E-06	1.14E-03	2.11E-10	4.19E-08	0.363	3.88E-01	2.881034483
SSK115_407	1664.5	6200	0.0062	27.78	5.8	37.4	50.2	8.45E-06	1.33E-03	7.89E-07	1.24E-04	3.30E-11	1.21E-08	0.376	9.25E-02	4.789655172
SSK152746	1666.5	4625	0.0062	211.9	61.3	199.6	155.7	2.37E-05	3.79E-03	7.31E-06	1.18E-03	1.31E-10	2.80E-08	0.154	3.10E-01	3.456769984
SSK152747	1667.45	4105	0.0062	212.9	51.7	201.6	82.6	2.52E-05	4.04E-03	1.01E-05	1.63E-03	1.45E-10	3.02E-08	0.586	4.03E-01	4.117988395
SSK152748	1669.52	6735	0.0062	217.7	83.3	200.5	178.2	5.89E-05	9.47E-03	2.13E-05	3.43E-03	3.89E-10	6.96E-08	0.023	3.62E-01	2.613445378
SSK152750	1674	5535	0.0062	207.2	52.7	197.2	97	1.97E-05	3.15E-03	6.43E-06	1.03E-03	-1.86E-13	6.79E-09	0.351	3.28E-01	3.931688805
SSK152751	1677.54	4915	0.0062	213	35.9	201.1	110.3	2.29E-05	3.67E-03	5.63E-06	9.04E-04	3.76E-11	1.29E-08	0.458	2.47E-01	5.933147632
ssk115_408	1697.7	7855	0.007855	156.6	53	282.6	106.2	1.10E-05	1.36E-03	2.75E-06	3.46E-04	-7.94E-12	4.28E-09	0.433	2.54E-01	2.954716981
ssk115_409	1698.24	7455	0.007455	159.5	36.1	303	91.7	6.29E-05	8.40E-03	1.24E-05	1.66E-03	9.93E-11	1.89E-08	0.62	1.98E-01	4.418282548
ssk115_410	1699.45	7675	0.007675	171.29	58.9	362.7	106.4	6.05E-05	7.85E-03	1.67E-05	2.17E-03	7.01E-11	1.45E-08	0.581	2.77E-01	2.908149406
SSK115_411	1701.26	6450	0.00645	159.7	51	187.7	85.3	2.09E-05	3.21E-03	8.76E-06	1.35E-03	7.73E-11	1.85E-08	0.606	4.22E-01	3.131372549
SSK115_412	1702.2	4780	0.00478	218.9	112.3	266.7	118.2	1.35E-05	2.79E-03	7.89E-06	1.65E-03	1.14E-10	3.27E-08	0.389	5.90E-01	1.949243099
SSK115_413	1703.05	6700	0.0067	205.44	85.3	322	130.5	2.17E-05	3.21E-03	7.09E-06	1.05E-03	-1.39E-11	4.24E-09	0.297	3.28E-01	2.408440797
SSK115_414	1703.6	6190	0.00619	145.4	60.6	332.6	121.9	2.08E-05	3.33E-03	5.16E-06	8.30E-04	-2.03E-11	3.55E-09	0.385	2.49E-01	2.399339934
ssk115_415	1706.5	5795	0.005795	186.3	74.5	334.9	117	1.83E-05	3.11E-03	5.82E-06	9.99E-04	-1.26E-11	5.00E-09	0.45	3.21E-01	2.500671141
ssk115_416	1708.2	8145	0.008145	192.4	88.9	314.7	118.9	1.75E-05	2.11E-03	6.54E-06	7.99E-04	-2.77E-11	1.70E-09	0.366	3.78E-01	2.164229471
ssk115_417	1709	5755	0.005755	215	173	371.1	152.7	1.06E-05	1.79E-03	6.22E-06	1.08E-03	6.00E-13	7.33E-09	0.27	6.00E-01	1.242774566
ssk115_418	1710.5	6505	0.006505	201.4	118.3	301.6	146.1	2.29E-05	3.48E-03	9.75E-06	1.49E-03	-2.39E-12	6.02E-09	0.184	4.30E-01	1.702451395
ssk115_419	1711.5	8595	0.008595	214.6	76	497.5	153.5	8.69E-06	9.78E-04	2.14E-06	2.45E-04	-2.03E-11	2.47E-09	0.481	2.51E-01	2.823684211
ssk115_420	1712.15	8195	0.008195	215.7	102.6	333.7	123.2	1.25E-05	1.49E-03	5.22E-06	6.33E-04	-2.16E-11	2.44E-09	0.384	4.25E-01	2.102339181
ssk115_421	1713.45	8615	0.008615	199.5	106.3	356.8	138.5	2.28E-05	2.61E-03	8.84E-06	1.02E-03	-1.17E-11	3.47E-09	0.311	3.91E-01	1.876763876
ssk115_422	1715.2	7355	0.007355	192.9	98	369.7	131.6	1.27E-05	1.69E-03	4.75E-06	6.42E-04	-2.40E-12	5.32E-09	0.398	3.80E-01	1.968367347
ssk115_423	1716.55	7535	0.007535	194.6	90.6	356.3	129	1.37E-05	1.78E-03	4.82E-06	6.36E-04	4.78E-11	1.19E-08	0.383	3.57E-01	2.14790287
ssk115_424	1717.6	7595	0.007595	127.7	62.4	317.3	113.3	2.04E-05	2.65E-03	5.63E-06	7.37E-04	3.50E-13	5.52E-09	0.424	2.78E-01	2.046474359
ssk115_425	1718.63	6835	0.006835	210.5	108.6	332.3	145.4	2.79E-05	4.04E-03	1.08E-05	1.58E-03	3.33E-11	1.10E-08	0.258	3.90E-01	1.938305709
