time temp susc csusc
 0             0             0             0             0            no
 00000    39.3    -156.9   .0
 00020    42.1    -156.7   .0
 00042    45.4    -156.8   .0
 00058    47.6    -156.8   .0
 00076    50.2    -156.9   .0
 00091    52.5    -156.6   .0
 00110    55.3    -156.8   .0
 00128    58.0    -156.8   .0
 00146    60.8    -156.8   .0
 00164    63.5    -156.9   .0
 00181    66.1    -156.7   .0
 00197    68.5    -157.0   .0
 00214    71.3    -156.6   .0
 00232    74.1    -156.9   .0
 00251    77.0    -156.8   .0
 00266    79.4    -156.8   .0
 00284    82.3    -156.8   .0
 00302    85.1    -156.8   .0
 00320    87.9    -156.7   .0
 00337    90.8    -157.1   .0
 00355    93.8    -156.7   .0
 00371    96.3    -157.0   .0
 00388    99.1    -156.9   .0
 00402    101.5    -156.8   .0
 00420    104.4    -156.9   .0
 00437    107.2    -156.8   .0
 00453    109.9    -157.0   .0
 00470    112.8    -156.8   .0
 00485    115.4    -156.9   .0
 00504    118.5    -156.8   .0
 00521    121.6    -157.0   .0
 00539    124.6    -156.8   .0
 00555    127.3    -157.0   .0
 00572    130.4    -156.7   .0
 00588    133.0    -156.9   .0
 00606    136.2    -156.9   .0
 00621    138.9    -156.9   .0
 00638    141.9    -157.0   .0
 00655    144.9    -156.9   .0
 00671    147.7    -156.8   .0
 00688    150.7    -157.2   .0
 00703    153.4    -156.9   .0
 00719    156.3    -157.0   .0
 00737    159.5    -157.0   .0
 00754    162.6    -156.9   .0
 00770    165.4    -157.0   .0
 00787    168.5    -156.8   .0
 00802    171.4    -157.3   .0
 00821    174.7    -156.6   .0
 00837    177.7    -156.9   .0
 00854    180.9    -156.6   .0
 00872    184.2    -157.1   .0
 00890    187.5    -157.0   .0
 00904    190.2    -157.0   .0
 00920    193.1    -157.0   .0
 00934    195.9    -157.1   .0
 00951    198.9    -157.0   .0
 00967    201.9    -157.1   .0
 00982    204.7    -156.5   .0
 00996    207.5    -157.1   .0
 01015    211.0    -157.1   .0
 01030    213.8    -157.1   .0
 01045    216.7    -157.0   .0
 01062    219.9    -157.0   .0
 01079    223.3    -156.9   .0
 01095    226.3    -156.9   .0
 01113    229.8    -157.1   .0
 01128    232.6    -156.8   .0
 01145    236.0    -156.9   .0
 01164    239.6    -156.7   .0
 01179    242.4    -156.9   .0
 01196    245.9    -156.8   .0
 01211    248.7    -156.9   .0
 01226    251.6    -157.0   .0
 01243    255.0    -157.0   .0
 01258    257.9    -157.0   .0
 01273    260.9    -157.2   .0
 01289    263.9    -157.0   .0
 01306    267.3    -157.1   .0
 01324    270.9    -157.0   .0
 01342    274.3    -157.2   .0
 01360    277.8    -157.0   .0
 01377    281.3    -157.2   .0
 01395    284.9    -157.1   .0
 01413    288.3    -157.2   .0
 01430    291.8    -157.2   .0
 01447    295.2    -157.1   .0
 01465    298.7    -157.1   .0
 01481    302.0    -157.4   .0
 01499    305.5    -157.1   .0
 01515    308.6    -157.2   .0
 01533    312.2    -157.2   .0
 01548    315.2    -157.3   .0
 01563    318.3    -157.2   .0
 01578    321.2    -157.1   .0
 01596    324.9    -157.1   .0
 01612    328.1    -157.1   .0
 01630    331.6    -157.0   .0
 01644    334.5    -157.0   .0
 01660    337.6    -157.1   .0
 01677    341.1    -157.0   .0
 01694    344.5    -157.0   .0
 01709    347.4    -157.0   .0
 01724    350.5    -157.0   .0
 01742    354.0    -156.9   .0
 01759    357.5    -157.0   .0
 01774    360.5    -157.1   .0
 01790    363.7    -156.9   .0
 01806    366.9    -156.9   .0
 01824    370.5    -156.8   .0
 01839    373.6    -156.6   .0
 01857    377.3    -156.5   .0
 01873    380.5    -156.7   .0
 01892    384.1    -156.5   .0
 01908    387.4    -156.5   .0
 01923    390.4    -156.5   .0
 01939    393.7    -156.3   .0
 01957    397.2    -156.3   .0
 01973    400.4    -156.0   .0
 01989    403.6    -155.8   .0
 02007    407.3    -155.4   .0
 02022    410.4    -155.2   .0
 02041    414.0    -155.0   .0
 02057    417.2    -154.8   .0
 02075    420.8    -154.7   .0
 02089    423.7    -154.9   .0
 02104    426.6    -154.9   .0
 02120    429.7    -154.9   .0
 02138    433.4    -154.8   .0
 02154    436.5    -155.0   .0
 02172    440.1    -155.0   .0
 02187    443.2    -154.7   .0
 02206    446.9    -155.0   .0
 02221    449.9    -155.3   .0
 02237    453.0    -155.0   .0
 02255    456.5    -155.4   .0
 02270    459.6    -155.7   .0
 02286    462.7    -156.0   .0
 02304    466.3    -155.8   .0
 02322    469.8    -156.0   .0
 02340    473.3    -156.0   .0
 02355    476.2    -155.8   .0
 02372    479.6    -156.7   .0
 02390    483.1    -156.5   .0
 02408    486.6    -156.8   .0
 02427    490.2    -157.4   .0
 02442    493.1    -157.4   .0
 02458    496.2    -157.3   .0
 02473    499.2    -157.7   .0
 02490    502.4    -157.7   .0
 02507    505.7    -157.9   .0
 02523    508.8    -157.7   .0
 02541    512.2    -158.2   .0
 02558    515.5    -158.2   .0
 02574    518.6    -158.4   .0
 02592    522.0    -158.5   .0
 02607    524.9    -158.4   .0
 02625    528.2    -158.4   .0
 02642    531.4    -158.4   .0
 02659    534.5    -157.8   .0
 02676    537.9    -158.5   .0
 02693    540.9    -158.5   .0
 02710    544.2    -158.7   .0
 02728    547.5    -158.6   .0
 02745    550.7    -158.8   .0
 02762    553.8    -158.7   .0
 02779    556.9    -158.8   .0
 02796    560.1    -158.9   .0
 02814    563.3    -158.9   .0
 02828    566.0    -158.8   .0
 02846    569.2    -159.2   .0
 02865    572.5    -159.0   .0
 02881    575.5    -159.0   .0
 02898    578.6    -159.0   .0
 02916    581.7    -158.9   .0
 02933    584.7    -159.0   .0
 02948    587.6    -158.7   .0
 02966    590.7    -158.9   .0
 02983    593.7    -159.2   .0
 02998    596.3    -159.2   .0
 03013    598.9    -159.7   .0
 03027    601.5    -159.1   .0
 03043    604.2    -159.0   .0
 03061    607.3    -159.2   .0
 03077    610.1    -159.3   .0
 03096    613.2    -159.3   .0
 03112    616.0    -159.7   .0
 03127    618.6    -159.1   .0
 03146    621.7    -159.0   .0
 03164    624.8    -159.1   .0
 03181    627.7    -159.5   .0
 03199    630.7    -159.5   .0
 03215    633.4    -159.4   .0
 03233    636.3    -159.3   .0
 03248    638.8    -159.4   .0
 03266    641.7    -159.4   .0
 03284    644.6    -159.3   .0
 03300    647.2    -159.4   .0
 03318    650.1    -159.3   .0
 03334    652.7    -159.4   .0
 03352    655.5    -159.4   .0
 03367    657.9    -159.3   .0
 03381    660.2    -159.4   .0
 03400    663.0    -159.4   .0
 03417    665.7    -159.5   .0
 03434    668.3    -159.4   .0
 03452    671.1    -159.5   .0
 03469    673.7    -159.4   .0
 03486    676.3    -159.5   .0
 03504    678.9    -159.7   .0
 03519    681.2    -159.4   .0
 03537    683.8    -159.6   .0
 03556    686.6    -159.5   .0
 03571    688.8    -159.6   .0
 03586    690.9    -159.5   .0
 00005    691.4    -159.5    .0
 00019    692.9    -159.5    .0
 00036    694.8    -159.5    .0
 00053    696.9    -159.5    .0
 00071    699.1    -159.7    .0
 00086    701.0    -159.3    .0
 00105    702.2    -159.5    .0
 00123    699.8    -159.3    .0
 00142    697.3    -159.6    .0
 00160    694.8    -159.4    .0
 00178    692.3    -159.3    .0
 00196    689.8    -159.5    .0
 00213    687.5    -159.3    .0
 00230    685.1    -159.5    .0
 00248    682.6    -159.6    .0
 00264    680.3    -159.4    .0
 00281    677.9    -159.4    .0
 00298    675.3    -159.5    .0
 00316    672.7    -159.3    .0
 00333    670.2    -159.4    .0
 00351    667.5    -159.6    .0
 00366    665.2    -159.1    .0
 00385    662.4    -159.5    .0
 00403    659.6    -159.3    .0
 00419    657.2    -159.3    .0
 00437    654.4    -159.3    .0
 00455    651.6    -159.3    .0
 00471    649.1    -159.5    .0
 00486    646.8    -159.2    .0
 00501    644.4    -159.3    .0
 00519    641.5    -159.3    .0
 00536    638.8    -159.2    .0
 00553    636.1    -159.3    .0
 00570    633.2    -159.2    .0
 00588    630.4    -159.2    .0
 00605    627.5    -159.3    .0
 00621    625.0    -158.9    .0
 00639    622.0    -159.3    .0
 00657    618.9    -159.2    .0
 00672    616.5    -159.0    .0
 00689    613.6    -159.1    .0
 00707    610.6    -159.1    .0
 00724    607.7    -159.1    .0
 00742    604.6    -159.1    .0
 00759    601.6    -159.1    .0
 00776    598.7    -159.1    .0
 00791    596.2    -158.8    .0
 00809    592.9    -159.0    .0
 00828    589.7    -158.8    .0
 00844    586.9    -158.9    .0
 00862    583.8    -159.0    .0
 00879    580.7    -158.8    .0
 00895    577.8    -158.9    .0
 00913    574.6    -158.8    .0
 00930    571.6    -158.9    .0
 00947    568.5    -158.8    .0
 00965    565.3    -158.9    .0
 00982    562.1    -158.8    .0
 00999    559.0    -158.8    .0
 01017    555.8    -158.7    .0
 01034    552.6    -158.6    .0
 01052    549.3    -158.6    .0
 01067    546.5    -158.2    .0
 01084    543.4    -158.1    .0
 01102    540.0    -157.9    .0
 01119    536.8    -157.8    .0
 01137    533.5    -157.8    .0
 01152    530.8    -157.6    .0
 01170    527.4    -157.5    .0
 01188    524.0    -157.5    .0
 01205    520.7    -157.4    .0
 01222    517.5    -157.3    .0
 01240    514.1    -157.2    .0
 01258    510.7    -157.0    .0
 01275    507.4    -157.1    .0
 01293    504.0    -157.2    .0
 01308    501.1    -156.8    .0
 01326    497.6    -157.0    .0
 01344    494.1    -156.8    .0
 01360    491.1    -156.8    .0
 01378    487.6    -156.8    .0
 01396    484.2    -156.7    .0
 01413    480.8    -156.7    .0
 01431    477.3    -156.6    .0
 01447    474.1    -156.6    .0
 01465    470.7    -156.5    .0
 01482    467.3    -156.5    .0
 01499    464.0    -156.4    .0
 01517    460.6    -156.3    .0
 01534    457.1    -156.4    .0
 01552    453.6    -156.4    .0
 01567    450.8    -156.1    .0
 01583    447.5    -156.4    .0
 01602    443.8    -156.2    .0
 01618    440.7    -156.1    .0
 01635    437.2    -156.5    .0
 01653    433.6    -156.0    .0
 01669    430.6    -155.8    .0
 01683    427.6    -155.6    .0
 01702    424.0    -155.9    .0
 01717    421.0    -155.8    .0
 01732    418.0    -156.2    .0
 01750    414.5    -155.9    .0
 01767    411.1    -155.9    .0
 01782    408.2    -155.7    .0
 01800    404.6    -155.8    .0
 01818    400.9    -155.5    .0
 01833    397.9    -155.7    .0
 01850    394.6    -155.8    .0
 01867    391.0    -155.7    .0
 01885    387.5    -155.6    .0
 01902    384.2    -155.6    .0
 01919    380.8    -155.6    .0
 01936    377.3    -155.6    .0
 01951    374.3    -155.7    .0
 01967    371.2    -155.7    .0
 01984    367.7    -155.5    .0
 02002    364.2    -155.5    .0
 02020    360.7    -155.3    .0
 02037    357.3    -155.7    .0
 02054    353.9    -155.0    .0
 02071    350.5    -155.4    .0
 02089    347.0    -155.5    .0
 02106    343.6    -155.1    .0
 02123    340.2    -155.9    .0
 02139    336.9    -155.2    .0
 02156    333.7    -155.3    .0
 02173    330.1    -155.4    .0
 02189    327.1    -155.7    .0
 02203    324.2    -155.2    .0
 02219    321.1    -155.4    .0
 02238    317.5    -155.3    .0
 02253    314.3    -155.3    .0
 02272    310.7    -155.1    .0
 02287    307.6    -155.2    .0
 02306    304.0    -155.2    .0
 02323    300.6    -155.2    .0
 02340    297.2    -155.2    .0
 02358    293.8    -155.1    .0
 02376    290.3    -155.1    .0
 02393    287.0    -155.1    .0
 02410    283.6    -155.3    .0
 02426    280.5    -155.0    .0
 02443    277.2    -155.2    .0
 02461    273.7    -155.2    .0
 02476    270.8    -155.2    .0
 02494    267.4    -155.2    .0
 02511    264.2    -155.4    .0
 02528    260.8    -155.1    .0
 02545    257.6    -155.3    .0
 02563    254.2    -155.4    .0
 02580    251.0    -155.2    .0
 02598    247.6    -155.1    .0
 02614    244.4    -155.1    .0
 02632    241.1    -155.1    .0
 02649    237.9    -155.1    .0
 02667    234.5    -155.2    .0
 02684    231.4    -155.1    .0
 02701    228.2    -155.2    .0
 02719    224.8    -155.2    .0
 02733    222.1    -154.6    .0
 02751    218.8    -154.9    .0
 02769    215.5    -154.9    .0
 02787    212.3    -155.0    .0
 02805    209.0    -154.9    .0
 02822    205.9    -155.0    .0
 02840    202.6    -155.2    .0
 02856    199.6    -155.2    .0
 02874    196.4    -155.1    .0
 02889    193.7    -154.9    .0
 02905    190.8    -155.0    .0
 02923    187.5    -155.0    .0
 02940    184.5    -155.0    .0
 02957    181.6    -155.0    .0
 02973    178.7    -155.0    .0
 02991    175.5    -154.9    .0
 03008    172.6    -155.0    .0
 03024    169.8    -155.3    .0
 03041    166.8    -154.9    .0
 03058    164.0    -155.0    .0
 03076    160.9    -154.8    .0
 03091    158.2    -155.0    .0
 03109    155.1    -155.0    .0
 03124    152.6    -154.9    .0
 03141    149.7    -155.1    .0
 03158    146.8    -154.9    .0
 03173    144.3    -154.7    .0
 03190    141.7    -155.1    .0
 03208    138.6    -155.0    .0
 03222    136.2    -155.0    .0
 03238    133.7    -155.2    .0
 03255    130.9    -155.0    .0
 03270    128.6    -154.9    .0
 03285    126.1    -155.0    .0
 03303    123.1    -154.8    .0
 03318    120.8    -155.0    .0
 03336    118.0    -155.1    .0
 03351    115.6    -154.9    .0
 03369    112.9    -155.1    .0
 03387    110.0    -155.0    .0
 03402    107.6    -155.1    .0
 03420    104.9    -155.0    .0
 03436    102.5    -155.2    .0
 03454    99.7    -154.9    .0
 03469    97.5    -155.0    .0
 03487    94.9    -155.0    .0
 03502    92.6    -155.1    .0
 03520    90.0    -154.9    .0
 03535    87.8    -155.0    .0
 03552    85.3    -155.1    .0
 03569    82.8    -155.0    .0
 03587    80.4    -155.0    .0
 03604    78.0    -155.1    .0
 03619    75.8    -155.0    .0
 03637    73.3    -154.9    .0
 03654    71.1    -155.1    .0
 03672    68.6    -154.9    .0
 03688    66.4    -155.1    .0
 03707    63.9    -155.0    .0
 03724    61.7    -155.0    .0
 03742    59.3    -155.0    .0
 03757    57.2    -155.1    .0
 03773    55.2    -155.0    .0
 03789    53.2    -155.1    .0
 03807    50.9    -155.0    .0
 03822    49.0    -155.1    .0
