time temp susc csusc
 0             0             0             0             0            no
 00000    39.3    -155.6   .0
 00020    42.1    -155.4   .0
 00038    44.8    -155.7   .0
 00057    47.5    -155.4   .0
 00075    50.1    -155.6   .0
 00093    52.8    -155.6   .0
 00108    55.0    -155.7   .0
 00126    57.7    -155.7   .0
 00143    60.4    -155.8   .0
 00162    63.1    -155.8   .0
 00176    65.4    -155.9   .0
 00191    67.7    -155.9   .0
 00207    70.2    -155.9   .0
 00225    72.9    -156.0   .0
 00240    75.3    -155.9   .0
 00257    78.0    -156.1   .0
 00275    80.9    -155.9   .0
 00293    83.6    -156.2   .0
 00311    86.6    -156.2   .0
 00326    89.0    -156.2   .0
 00341    91.4    -156.1   .0
 00358    94.2    -156.3   .0
 00376    97.1    -156.5   .0
 00392    99.7    -156.2   .0
 00409    102.7    -156.5   .0
 00425    105.3    -156.2   .0
 00442    108.0    -156.3   .0
 00459    111.0    -156.1   .0
 00475    113.6    -156.3   .0
 00493    116.7    -156.4   .0
 00508    119.3    -156.4   .0
 00526    122.3    -156.1   .0
 00541    125.0    -156.5   .0
 00559    128.0    -156.2   .0
 00577    131.1    -156.4   .0
 00595    134.3    -156.4   .0
 00612    137.3    -156.4   .0
 00630    140.5    -156.2   .0
 00646    143.2    -156.5   .0
 00664    146.4    -156.4   .0
 00682    149.6    -156.6   .0
 00699    152.8    -156.4   .0
 00717    155.9    -156.6   .0
 00735    159.2    -156.4   .0
 00750    161.9    -156.6   .0
 00769    165.3    -156.5   .0
 00784    168.1    -156.7   .0
 00803    171.4    -156.7   .0
 00820    174.6    -156.7   .0
 00838    177.9    -156.6   .0
 00853    180.7    -156.7   .0
 00871    184.0    -156.6   .0
 00887    186.9    -156.9   .0
 00904    190.2    -156.8   .0
 00920    193.1    -156.9   .0
 00937    196.4    -156.7   .0
 00953    199.3    -156.7   .0
 00970    202.4    -156.6   .0
 00985    205.3    -156.7   .0
 01002    208.6    -156.9   .0
 01019    211.7    -156.9   .0
 01034    214.7    -156.9   .0
 01050    217.6    -156.7   .0
 01065    220.6    -157.0   .0
 01083    224.0    -157.0   .0
 01098    227.0    -156.7   .0
 01114    230.0    -157.0   .0
 01132    233.4    -157.0   .0
 01148    236.5    -156.9   .0
 01164    239.5    -156.9   .0
 01179    242.5    -157.0   .0
 01196    245.9    -157.0   .0
 01214    249.4    -156.7   .0
 01232    252.7    -157.0   .0
 01250    256.2    -156.8   .0
 01268    259.7    -157.1   .0
 01286    263.3    -157.0   .0
 01301    266.3    -157.0   .0
 01319    269.9    -157.0   .0
 01334    272.9    -157.0   .0
 01350    275.9    -156.9   .0
 01365    279.0    -157.0   .0
 01380    281.9    -156.8   .0
 01396    284.9    -157.0   .0
 01414    288.5    -156.9   .0
 01429    291.6    -156.8   .0
 01445    294.8    -157.1   .0
 01460    297.8    -156.8   .0
 01476    300.8    -156.8   .0
 01493    304.3    -157.0   .0
 01510    307.6    -156.7   .0
 01526    310.9    -156.7   .0
 01544    314.4    -156.6   .0
 01561    317.7    -156.3   .0
 01580    321.5    -156.5   .0
 01598    325.1    -155.9   .0
 01615    328.6    -156.0   .0
 01633    332.2    -155.8   .0
 01648    335.3    -155.6   .0
 01666    338.9    -155.4   .0
 01682    342.1    -155.2   .0
 01700    345.6    -154.9   .0
 01717    349.1    -155.0   .0
 01735    352.8    -154.7   .0
 01752    356.1    -154.8   .0
 01769    359.4    -154.4   .0
 01789    363.5    -154.3   .0
 01809    367.5    -154.6   .0
 01825    370.8    -154.3   .0
 01845    374.8    -154.3   .0
 01865    378.7    -154.5   .0
 01882    382.2    -154.4   .0
 01898    385.5    -154.6   .0
 01918    389.4    -154.4   .0
 01935    392.9    -154.5   .0
 01956    397.0    -154.7   .0
 01974    400.7    -154.8   .0
 01992    404.2    -154.9   .0
 02009    407.7    -155.2   .0
 02026    411.0    -155.3   .0
 02043    414.6    -156.1   .0
 02064    418.6    -156.6   .0
 02081    422.1    -156.9   .0
 02101    426.1    -157.1   .0
 02119    429.7    -157.2   .0
 02136    433.1    -157.3   .0
 02156    437.0    -157.3   .0
 02175    440.9    -157.4   .0
 02192    444.2    -157.3   .0
 02212    448.0    -157.5   .0
 02229    451.5    -157.4   .0
 02245    454.7    -157.3   .0
 02265    458.6    -157.6   .0
 02283    462.2    -157.3   .0
 02303    466.1    -157.4   .0
 02320    469.5    -157.6   .0
 02338    473.0    -157.3   .0
 02354    476.1    -157.6   .0
 02372    479.5    -157.6   .0
 02389    482.8    -157.6   .0
 02404    485.7    -157.5   .0
 02423    489.4    -157.6   .0
 02440    492.8    -157.6   .0
 02459    496.4    -157.8   .0
 02478    500.0    -157.5   .0
 02495    503.3    -157.8   .0
 02512    506.7    -157.6   .0
 02530    510.2    -157.9   .0
 02549    513.7    -157.9   .0
 02567    517.2    -157.7   .0
 02586    520.8    -157.9   .0
 02604    524.2    -157.7   .0
 02621    527.4    -157.8   .0
 02637    530.5    -157.8   .0
 02657    534.3    -157.9   .0
 02677    538.0    -158.2   .0
 02696    541.5    -157.9   .0
 02715    545.1    -158.1   .0
 02733    548.5    -158.2   .0
 02748    551.2    -158.0   .0
 02765    554.3    -158.4   .0
 02783    557.7    -158.4   .0
 02802    561.2    -158.3   .0
 02823    565.0    -158.5   .0
 02843    568.6    -158.6   .0
 02860    571.7    -158.5   .0
 02880    575.2    -158.8   .0
 02897    578.3    -158.6   .0
 02915    581.6    -158.7   .0
 02931    584.5    -158.7   .0
 02949    587.7    -158.8   .0
 02966    590.7    -158.9   .0
 02984    593.8    -158.8   .0
 03001    596.8    -158.8   .0
 03018    599.8    -158.7   .0
 03038    603.2    -158.8   .0
 03057    606.5    -158.8   .0
 03074    609.5    -158.8   .0
 03091    612.5    -158.8   .0
 03111    615.8    -158.5   .0
 03131    619.2    -158.9   .0
 03149    622.3    -159.0   .0
 03166    625.1    -158.9   .0
 03184    628.2    -158.9   .0
 03202    631.1    -158.8   .0
 03221    634.3    -159.0   .0
 03238    637.1    -158.8   .0
 03257    640.3    -158.9   .0
 00005    641.0    -158.9    .0
 00018    643.0    -159.0    .0
 00036    645.6    -158.9    .0
 00054    648.4    -159.2    .0
 00072    651.2    -159.0    .0
 00091    654.2    -158.9    .0
 00110    654.2    -159.0    .0
 00129    651.3    -158.9    .0
 00149    648.2    -158.9    .0
 00167    645.2    -158.7    .0
 00187    642.2    -158.9    .0
 00204    639.4    -158.8    .0
 00223    636.4    -159.0    .0
 00242    633.3    -158.7    .0
 00257    630.7    -158.8    .0
 00276    627.7    -158.8    .0
 00294    624.8    -158.8    .0
 00311    622.0    -158.6    .0
 00327    619.2    -158.8    .0
 00346    616.1    -158.7    .0
 00365    612.9    -158.6    .0
 00382    610.0    -158.8    .0
 00400    606.8    -158.9    .0
 00417    604.0    -158.4    .0
 00436    600.8    -158.8    .0
 00453    597.8    -158.7    .0
 00473    594.4    -159.0    .0
 00490    591.4    -158.5    .0
 00507    588.4    -158.7    .0
 00525    585.1    -158.6    .0
 00541    582.3    -158.6    .0
 00558    579.3    -158.6    .0
 00576    576.1    -158.4    .0
 00594    572.9    -158.7    .0
 00613    569.4    -158.3    .0
 00630    566.4    -158.4    .0
 00648    563.3    -158.4    .0
 00668    559.6    -158.6    .0
 00687    556.1    -158.3    .0
 00704    552.9    -158.3    .0
 00721    549.8    -157.8    .0
 00740    546.3    -158.0    .0
 00759    542.9    -157.7    .0
 00776    539.7    -157.7    .0
 00792    536.6    -157.7    .0
 00807    533.9    -157.6    .0
 00822    531.1    -157.5    .0
 00837    528.3    -157.5    .0
 00854    525.0    -157.4    .0
 00872    521.7    -157.6    .0
 00890    518.3    -157.1    .0
 00908    514.8    -157.3    .0
 00928    511.1    -157.0    .0
 00947    507.4    -157.0    .0
 00967    503.5    -157.1    .0
 00986    500.0    -156.9    .0
 01003    496.6    -157.1    .0
 01020    493.3    -156.7    .0
 01040    489.5    -156.9    .0
 01060    485.7    -156.6    .0
 01077    482.4    -156.6    .0
 01096    478.7    -156.5    .0
 01113    475.3    -156.4    .0
 01130    472.0    -156.3    .0
 01147    468.7    -156.2    .0
 01164    465.3    -156.0    .0
 01182    461.9    -155.9    .0
 01198    458.7    -155.7    .0
 01216    455.2    -155.6    .0
 01235    451.4    -155.7    .0
 01253    447.9    -155.6    .0
 01270    444.6    -155.0    .0
 01288    441.0    -155.2    .0
 01307    437.3    -155.2    .0
 01326    433.4    -154.9    .0
 01346    429.4    -154.9    .0
 01366    425.5    -154.8    .0
 01387    421.4    -154.8    .0
 01404    417.9    -154.6    .0
 01421    414.5    -154.4    .0
 01442    410.5    -154.6    .0
 01461    406.6    -154.2    .0
 01479    403.1    -154.5    .0
 01497    399.4    -154.1    .0
 01516    395.6    -154.2    .0
 01536    391.6    -153.9    .0
 01556    387.7    -154.1    .0
 01575    383.9    -153.6    .0
 01595    380.0    -154.0    .0
 01612    376.5    -153.8    .0
 01629    373.2    -153.9    .0
 01647    369.4    -153.7    .0
 01667    365.6    -153.6    .0
 01683    362.3    -153.6    .0
 01700    359.0    -153.4    .0
 01719    355.3    -153.5    .0
 01736    351.7    -153.5    .0
 01755    348.0    -153.5    .0
 01772    344.7    -153.3    .0
 01789    341.4    -153.4    .0
 01808    337.5    -153.2    .0
 01827    333.8    -153.4    .0
 01845    330.2    -153.2    .0
 01862    326.8    -153.1    .0
 01881    323.1    -153.1    .0
 01898    319.7    -153.1    .0
 01915    316.4    -153.1    .0
 01932    313.1    -153.0    .0
 01952    309.1    -153.0    .0
 01969    305.7    -152.9    .0
 01987    302.1    -153.0    .0
 02004    298.8    -152.9    .0
 02024    294.9    -152.9    .0
 02041    291.6    -153.1    .0
 02060    287.8    -153.3    .0
 02080    284.1    -153.6    .0
 02097    280.7    -153.5    .0
 02115    277.3    -153.5    .0
 02134    273.4    -153.6    .0
 02153    269.9    -153.4    .0
 02173    266.1    -153.6    .0
 02191    262.6    -153.5    .0
 02211    258.7    -153.5    .0
 02228    255.5    -153.4    .0
 02246    252.0    -153.5    .0
 02264    248.6    -153.5    .0
 02281    245.4    -153.5    .0
 02299    242.0    -153.5    .0
 02316    238.8    -153.6    .0
 02333    235.6    -153.5    .0
 02353    231.9    -153.5    .0
 02370    228.6    -153.6    .0
 02388    225.4    -153.5    .0
 02407    221.8    -153.6    .0
 02424    218.6    -153.6    .0
 02442    215.3    -153.7    .0
 02458    212.3    -153.6    .0
 02475    209.2    -153.6    .0
 02494    205.7    -153.7    .0
 02511    202.6    -153.6    .0
 02531    199.0    -153.7    .0
 02549    195.9    -153.7    .0
 02566    192.7    -154.0    .0
 03138    97.9    -154.2    .0
 03159    94.9    -153.8    .0
 03176    92.3    -154.1    .0
 03195    89.5    -153.9    .0
 03215    86.6    -154.1    .0
 03234    83.9    -154.0    .0
 03254    81.1    -154.1    .0
 03271    78.5    -153.9    .0
 03289    76.2    -154.1    .0
 03307    73.6    -154.1    .0
 03324    71.3    -153.9    .0
 03340    69.0    -154.1    .0
 03359    66.6    -154.0    .0
 03378    64.0    -154.2    .0
 03395    61.7    -153.9    .0
 03412    59.5    -154.2    .0
 03430    57.2    -154.0    .0
 03447    54.9    -154.1    .0
 03465    52.6    -154.1    .0
 03486    50.0    -154.0    .0
 03503    47.9    -154.0    .0
