time temp susc csusc
 0             0             0             0             0            no
 00000    39.3    -155.0   .0
 00020    42.1    -154.9   .0
 00035    44.3    -155.1   .0
 00053    46.9    -155.0   .0
 00068    49.1    -155.2   .0
 00086    51.8    -155.1   .0
 00104    54.4    -155.3   .0
 00122    57.1    -155.2   .0
 00140    59.8    -155.5   .0
 00158    62.6    -155.3   .0
 00176    65.3    -155.5   .0
 00191    67.7    -155.5   .0
 00209    70.4    -155.7   .0
 00227    73.3    -155.5   .0
 00243    75.8    -155.6   .0
 00261    78.5    -155.5   .0
 00276    80.9    -155.7   .0
 00291    83.4    -155.6   .0
 00306    85.8    -155.9   .0
 00325    88.8    -155.6   .0
 00343    91.7    -155.8   .0
 00361    94.7    -155.6   .0
 00379    97.6    -155.8   .0
 00397    100.7    -155.7   .0
 00416    103.7    -155.8   .0
 00434    106.7    -155.8   .0
 00452    109.7    -156.0   .0
 00470    112.8    -155.9   .0
 00485    115.3    -156.0   .0
 00502    118.3    -156.0   .0
 00519    121.1    -156.1   .0
 00534    123.8    -155.9   .0
 00550    126.4    -156.2   .0
 00568    129.6    -156.0   .0
 00586    132.7    -156.1   .0
 00604    135.8    -156.1   .0
 00621    138.8    -156.2   .0
 00636    141.5    -156.1   .0
 00653    144.6    -156.3   .0
 00671    147.8    -156.2   .0
 00689    150.9    -156.3   .0
 00707    154.2    -156.3   .0
 00723    157.0    -156.4   .0
 00738    159.8    -156.1   .0
 00756    163.0    -156.5   .0
 00775    166.4    -156.2   .0
 00793    169.7    -156.5   .0
 00811    173.0    -156.3   .0
 00827    175.8    -156.5   .0
 00845    179.3    -156.3   .0
 00863    182.6    -156.5   .0
 00882    186.0    -156.3   .0
 00897    188.8    -156.7   .0
 00915    192.2    -156.6   .0
 00933    195.6    -156.6   .0
 00951    199.0    -156.5   .0
 00966    201.8    -156.6   .0
 00985    205.3    -156.6   .0
 01000    208.1    -156.7   .0
 01015    211.1    -156.5   .0
 01032    214.3    -156.6   .0
 01050    217.8    -156.5   .0
 01068    221.1    -156.8   .0
 01086    224.6    -156.7   .0
 01103    227.9    -156.7   .0
 01122    231.4    -156.6   .0
 01139    234.7    -156.9   .0
 01157    238.3    -156.7   .0
 01175    241.7    -156.9   .0
 01193    245.3    -156.7   .0
 01210    248.5    -156.7   .0
 01228    252.0    -156.9   .0
 01244    255.1    -156.7   .0
 01260    258.3    -156.8   .0
 01278    261.8    -156.7   .0
 01295    265.1    -156.9   .0
 01313    268.7    -156.8   .0
 01331    272.2    -156.8   .0
 01348    275.6    -156.8   .0
 01366    279.0    -156.9   .0
 01383    282.5    -156.7   .0
 01398    285.5    -156.7   .0
 01417    289.2    -156.8   .0
 01432    292.1    -156.8   .0
 01449    295.5    -156.7   .0
 01464    298.6    -156.8   .0
 01483    302.2    -156.7   .0
 01498    305.2    -156.7   .0
 01516    308.8    -156.7   .0
 01531    311.8    -156.6   .0
 01546    314.8    -156.7   .0
 01561    317.9    -156.4   .0
 01579    321.4    -156.4   .0
 01597    325.0    -156.0   .0
 01613    328.1    -155.9   .0
 01631    331.8    -155.5   .0
 01646    334.8    -155.5   .0
 01664    338.5    -154.9   .0
 01682    342.1    -154.8   .0
 01701    345.8    -154.3   .0
 01716    348.8    -153.9   .0
 01734    352.5    -153.3   .0
 01751    355.9    -153.0   .0
 01769    359.6    -152.3   .0
 01786    363.0    -151.9   .0
 01804    366.6    -151.2   .0
 01821    370.0    -150.7   .0
 01840    373.7    -149.7   .0
 01855    376.7    -149.8   .0
 01872    380.3    -149.2   .0
 01888    383.4    -148.9   .0
 01904    386.6    -148.3   .0
 01922    390.2    -148.3   .0
 01938    393.4    -147.9   .0
 01955    396.9    -147.8   .0
 01971    400.1    -147.7   .0
 01989    403.7    -147.7   .0
 02004    406.7    -147.7   .0
 02019    409.8    -147.7   .0
 02036    413.1    -147.7   .0
 02051    416.1    -147.6   .0
 02070    419.8    -148.0   .0
 02088    423.5    -147.8   .0
 02105    426.9    -148.0   .0
 02123    430.5    -148.1   .0
 02142    434.1    -148.2   .0
 02159    437.7    -148.2   .0
 02174    440.7    -148.5   .0
 02190    443.7    -148.5   .0
 02205    446.7    -148.7   .0
 02223    450.2    -148.7   .0
 02239    453.4    -148.7   .0
 02257    457.0    -148.9   .0
 02272    459.9    -148.7   .0
 02287    462.9    -148.7   .0
 02303    466.0    -148.4   .0
 02319    469.3    -148.4   .0
 02335    472.3    -148.1   .0
 02351    475.4    -148.3   .0
 02366    478.4    -148.3   .0
 02383    481.7    -148.7   .0
 02401    485.2    -149.1   .0
 02416    488.2    -149.0   .0
 02432    491.2    -149.4   .0
 02447    494.2    -148.9   .0
 02462    497.1    -148.8   .0
 02478    500.1    -148.3   .0
 02493    503.0    -147.5   .0
 02508    505.9    -146.4   .0
 02523    508.8    -145.0   .0
 02538    511.6    -142.8   .0
 02554    514.6    -140.6   .0
 02569    517.5    -138.7   .0
 02586    520.8    -138.1   .0
 02601    523.7    -139.5   .0
 02619    527.0    -141.6   .0
 02635    530.0    -143.7   .0
 02650    533.0    -145.9   .0
 02668    536.2    -147.2   .0
 02683    539.0    -148.2   .0
 02700    542.3    -149.2   .0
 02717    545.4    -150.2   .0
 02732    548.3    -150.9   .0
 02749    551.3    -152.0   .0
 02767    554.8    -152.5   .0
 02783    557.6    -153.3   .0
 02800    560.7    -153.9   .0
 02817    563.9    -154.8   .0
 02835    567.1    -155.6   .0
 02850    569.9    -156.1   .0
 02866    572.7    -156.7   .0
 02884    576.0    -157.7   .0
 02899    578.8    -157.7   .0
 02915    581.6    -158.3   .0
 02933    584.9    -158.3   .0
 02949    587.6    -158.5   .0
 02964    590.3    -158.5   .0
 02980    593.2    -158.6   .0
 02998    596.4    -158.8   .0
 03014    599.1    -158.8   .0
 03029    601.8    -158.9   .0
 03047    604.8    -158.7   .0
 03065    608.0    -158.8   .0
 03082    611.0    -158.9   .0
 03100    614.0    -158.9   .0
 03117    616.9    -159.0   .0
 03135    619.9    -158.9   .0
 03152    622.8    -159.1   .0
 03170    625.8    -158.9   .0
 03186    628.6    -159.0   .0
 03202    631.3    -159.0   .0
 03220    634.1    -159.3   .0
 03235    636.7    -158.7   .0
 03253    639.6    -159.0   .0
 03271    642.6    -159.1   .0
 03288    645.2    -159.2   .0
 03305    648.1    -159.3   .0
 03321    650.6    -159.0   .0
 03339    653.4    -159.2   .0
 03357    656.4    -159.2   .0
 03375    659.1    -159.3   .0
 03393    661.9    -159.2   .0
 03408    664.4    -159.4   .0
 03426    667.1    -159.4   .0
 03445    669.9    -159.6   .0
 03460    672.2    -159.4   .0
 03475    674.6    -159.0   .0
 03493    677.3    -159.3   .0
 03510    679.8    -159.0   .0
 03525    682.1    -159.5   .0
 03544    684.8    -159.3   .0
 03559    687.1    -159.2   .0
 03577    689.6    -159.7   .0
 03595    692.2    -159.2   .0
 00005    692.7    -159.5    .0
 00018    694.1    -159.8    .0
 00033    695.8    -159.3    .0
 00049    697.6    -159.5    .0
 00067    699.8    -159.4    .0
 00083    701.7    -159.9    .0
 00100    704.0    -159.6    .0
 00116    701.9    -159.3    .0
 00131    699.9    -159.4    .0
 00150    697.4    -159.4    .0
 00167    695.0    -159.3    .0
 00184    692.7    -159.1    .0
 00202    690.3    -159.3    .0
 00220    687.7    -159.4    .0
 00238    685.2    -159.4    .0
 00253    683.1    -159.2    .0
 00269    680.9    -159.3    .0
 00286    678.3    -159.2    .0
 00304    675.7    -159.2    .0
 00321    673.2    -159.3    .0
 00337    670.9    -159.9    .0
 00352    668.7    -159.2    .0
 00369    666.1    -159.1    .0
 00387    663.4    -159.1    .0
 00405    660.8    -159.1    .0
 00422    658.1    -159.2    .0
 00440    655.4    -159.3    .0
 00457    652.7    -159.0    .0
 00473    650.3    -158.9    .0
 00490    647.5    -159.1    .0
 00508    644.7    -159.0    .0
 00523    642.2    -159.1    .0
 00538    639.9    -159.1    .0
 00554    637.4    -159.1    .0
 00572    634.5    -158.8    .0
 00589    631.6    -158.7    .0
 00605    629.1    -159.0    .0
 00620    626.6    -158.9    .0
 00637    623.8    -158.8    .0
 00655    620.9    -158.5    .0
 00671    618.1    -158.9    .0
 00689    615.1    -158.5    .0
 00706    612.1    -158.6    .0
 00725    609.1    -158.9    .0
 00741    606.2    -158.6    .0
 00757    603.6    -158.7    .0
 00772    600.9    -158.5    .0
 00789    597.9    -158.6    .0
 00807    594.8    -158.6    .0
 00823    592.1    -158.5    .0
 00839    589.3    -158.2    .0
 00857    586.2    -158.4    .0
 00872    583.4    -158.3    .0
 00888    580.7    -158.3    .0
 00903    578.1    -158.1    .0
 00920    575.0    -157.9    .0
 00938    571.8    -157.7    .0
 00953    569.1    -156.9    .0
 00969    566.1    -156.7    .0
 00988    562.7    -155.6    .0
 01004    559.7    -154.4    .0
 01022    556.6    -153.0    .0
 01039    553.4    -151.0    .0
 01054    550.6    -149.5    .0
 01069    547.8    -148.0    .0
 01087    544.5    -146.2    .0
 01104    541.3    -144.4    .0
 01120    538.4    -140.1    .0
 01138    535.1    -135.3    .0
 01155    531.9    -130.0    .0
 01170    529.0    -123.6    .0
 01186    526.0    -113.9    .0
 01204    522.7    -103.5    .0
 01222    519.3    -96.8    .0
 01239    515.9    -92.6    .0
 01256    512.7    -89.0    .0
 01274    509.4    -86.6    .0
 01291    506.2    -84.2    .0
 01308    502.8    -81.7    .0
 01326    499.3    -79.1    .0
 01343    496.2    -77.4    .0
 01361    492.7    -76.3    .0
 01376    489.7    -75.8    .0
 01394    486.3    -75.8    .0
 01411    482.9    -75.8    .0
 01429    479.4    -76.0    .0
 01444    476.5    -75.9    .0
 01459    473.6    -76.3    .0
 01478    470.0    -76.7    .0
 01493    466.9    -76.6    .0
 01508    464.0    -76.9    .0
 01526    460.5    -77.3    .0
 01544    457.0    -77.4    .0
 01561    453.6    -77.4    .0
 01578    450.2    -77.8    .0
 01596    446.8    -77.7    .0
 01613    443.4    -78.0    .0
 01628    440.5    -77.9    .0
 01643    437.4    -78.0    .0
 01660    434.1    -78.1    .0
 01677    430.6    -78.3    .0
 01693    427.6    -78.3    .0
 01708    424.5    -78.3    .0
 01726    421.1    -78.4    .0
 01743    417.5    -78.6    .0
 01759    414.5    -78.3    .0
 01777    410.9    -78.6    .0
 01795    407.3    -78.5    .0
 01810    404.2    -78.8    .0
 01828    400.8    -78.8    .0
 01843    397.7    -78.8    .0
 01859    394.5    -78.8    .0
 01877    390.9    -78.8    .0
 01895    387.4    -79.1    .0
 01912    384.0    -79.1    .0
 01928    380.7    -79.1    .0
 01943    377.8    -79.0    .0
 01958    374.7    -79.1    .0
 01976    371.1    -79.5    .0
 01993    367.8    -79.4    .0
 02010    364.3    -79.5    .0
 02028    360.8    -79.6    .0
 02045    357.4    -79.5    .0
 02060    354.3    -79.8    .0
 02076    351.2    -79.7    .0
 02093    347.9    -79.8    .0
 02110    344.4    -79.9    .0
 02126    341.3    -79.8    .0
 02141    338.3    -80.1    .0
 02159    334.7    -80.2    .0
 02177    331.2    -80.2    .0
 02192    328.2    -80.3    .0
 02208    325.1    -80.3    .0
 02222    322.2    -80.4    .0
 02240    318.6    -80.6    .0
 02256    315.6    -80.7    .0
 02272    312.5    -80.7    .0
 02288    309.3    -80.9    .0
 02305    305.8    -81.2    .0
 02323    302.4    -81.3    .0
 02341    298.9    -82.1    .0
 02359    295.4    -82.3    .0
 02374    292.4    -83.2    .0
 02392    288.9    -83.5    .0
 02408    285.8    -84.1    .0
 02426    282.3    -84.3    .0
 02441    279.3    -84.6    .0
 02457    276.4    -84.9    .0
 02472    273.3    -85.2    .0
 02490    269.8    -85.6    .0
 02506    266.8    -85.9    .0
 02523    263.6    -86.1    .0
 02539    260.5    -86.4    .0
 02556    257.2    -86.7    .0
 02571    254.3    -86.9    .0
 02587    251.2    -87.1    .0
 02605    248.0    -87.4    .0
 02620    245.0    -87.5    .0
 02636    242.0    -87.9    .0
 02654    238.6    -88.1    .0
 02670    235.7    -88.3    .0
 02685    232.8    -88.5    .0
 02701    229.8    -88.8    .0
 02719    226.5    -89.0    .0
 02734    223.7    -89.0    .0
 02751    220.5    -89.6    .0
 02769    217.1    -89.6    .0
 02787    213.9    -89.9    .0
 02805    210.6    -90.1    .0
 02820    207.7    -90.4    .0
 02837    204.7    -90.5    .0
 02852    202.0    -90.7    .0
 02869    198.9    -91.1    .0
 02885    195.9    -91.1    .0
 02901    193.1    -91.4    .0
 02918    190.0    -91.4    .0
 02934    187.2    -91.7    .0
 02949    184.5    -91.7    .0
 02966    181.6    -92.0    .0
 02984    178.4    -92.2    .0
 02999    175.7    -92.3    .0
 03015    172.9    -92.6    .0
 03032    169.9    -92.6    .0
 03048    167.1    -92.8    .0
 03066    164.1    -92.9    .0
 03081    161.4    -93.2    .0
 03097    158.8    -93.2    .0
 03112    156.2    -93.5    .0
 03130    153.1    -93.6    .0
 03147    150.2    -93.9    .0
 03165    147.2    -94.0    .0
 03180    144.7    -94.1    .0
 03198    141.8    -94.3    .0
 03213    139.2    -94.3    .0
 03228    136.8    -94.5    .0
 03246    133.8    -94.7    .0
 03261    131.3    -94.7    .0
 03279    128.5    -95.0    .0
 03297    125.6    -95.0    .0
 03312    123.2    -95.2    .0
 03329    120.5    -95.4    .0
 03345    118.0    -95.4    .0
 03360    115.5    -95.5    .0
 03379    112.7    -95.6    .0
 03395    110.2    -95.9    .0
 03412    107.5    -95.9    .0
 03428    105.1    -96.3    .0
 03443    102.8    -96.3    .0
 03461    100.1    -96.6    .0
 03479    97.4    -96.8    .0
 03494    95.1    -97.1    .0
 03512    92.5    -97.2    .0
 03528    90.1    -97.5    .0
 03544    87.8    -97.4    .0
 03562    85.2    -97.8    .0
 03580    82.6    -97.8    .0
 03596    80.4    -98.0    .0
 03613    77.9    -97.9    .0
 03628    75.8    -98.3    .0
 03646    73.3    -98.2    .0
 03664    70.9    -98.4    .0
 03682    68.4    -98.4    .0
 03697    66.4    -98.6    .0
 03715    63.9    -98.5    .0
 03730    62.0    -98.8    .0
 03748    59.6    -98.7    .0
 03766    57.3    -98.9    .0
 03783    55.1    -98.8    .0
 03799    53.1    -98.9    .0
 03817    50.8    -98.9    .0
 03832    49.0    -99.1    .0
