time temp susc csusc
 0             0             0             0             0            no
 00000    39.3    -155.8   .0
 00015    41.4    -155.3   .0
 00040    45.0    -155.6   .0
 00058    47.6    -155.6   .0
 00074    49.9    -155.5   .0
 00089    52.2    -155.8   .0
 00107    54.8    -155.6   .0
 00124    57.5    -155.9   .0
 00143    60.2    -155.8   .0
 00159    62.7    -155.9   .0
 00174    65.1    -155.8   .0
 00192    67.8    -156.0   .0
 00208    70.2    -155.9   .0
 00226    73.1    -156.1   .0
 00244    75.9    -156.1   .0
 00261    78.6    -156.0   .0
 00277    81.1    -156.0   .0
 00294    83.8    -156.1   .0
 00309    86.3    -156.1   .0
 00324    88.7    -156.2   .0
 00339    91.2    -156.2   .0
 00355    93.7    -156.2   .0
 00370    96.2    -156.3   .0
 00386    98.7    -156.1   .0
 00403    101.6    -156.2   .0
 00421    104.6    -156.4   .0
 00436    107.1    -156.0   .0
 00452    109.9    -156.4   .0
 00471    112.9    -156.3   .0
 00487    115.7    -156.3   .0
 00503    118.4    -156.3   .0
 00519    121.1    -156.4   .0
 00534    123.8    -156.3   .0
 00551    126.6    -156.5   .0
 00569    129.8    -156.4   .0
 00584    132.4    -156.5   .0
 00600    135.1    -156.4   .0
 00616    137.9    -156.5   .0
 00634    141.1    -156.5   .0
 00650    143.9    -156.7   .0
 00665    146.6    -156.5   .0
 00681    149.6    -156.7   .0
 00700    152.8    -156.5   .0
 00717    156.0    -156.7   .0
 00733    158.8    -156.5   .0
 00750    161.9    -156.7   .0
 00768    165.2    -156.6   .0
 00784    168.0    -156.8   .0
 00801    171.2    -156.8   .0
 00816    173.9    -156.9   .0
 00834    177.1    -156.8   .0
 00849    180.0    -156.9   .0
 00867    183.3    -156.7   .0
 00885    186.6    -157.0   .0
 00903    190.0    -156.7   .0
 00922    193.4    -156.9   .0
 00940    196.9    -156.7   .0
 00958    200.3    -157.0   .0
 00976    203.7    -156.9   .0
 00992    206.6    -157.0   .0
 01010    210.0    -157.1   .0
 01027    213.4    -157.0   .0
 01046    216.9    -156.7   .0
 01063    220.2    -157.0   .0
 01081    223.7    -157.0   .0
 01099    227.1    -157.1   .0
 01117    230.6    -156.9   .0
 01134    233.7    -157.0   .0
 01151    237.1    -157.0   .0
 01167    240.2    -157.0   .0
 01182    243.1    -157.1   .0
 01197    246.1    -157.0   .0
 01215    249.4    -157.0   .0
 01229    252.3    -157.2   .0
 01247    255.7    -157.0   .0
 01262    258.6    -157.0   .0
 01279    262.0    -156.9   .0
 01295    265.1    -157.1   .0
 01311    268.2    -157.1   .0
 01326    271.3    -157.0   .0
 01344    274.7    -157.3   .0
 01362    278.3    -157.2   .0
 01377    281.4    -157.2   .0
 01396    285.1    -157.1   .0
 01413    288.4    -157.2   .0
 01432    292.1    -156.9   .0
 01450    295.7    -157.1   .0
 01468    299.2    -157.0   .0
 01482    302.2    -157.2   .0
 01501    305.8    -156.9   .0
 01516    308.9    -156.9   .0
 01534    312.5    -157.0   .0
 01550    315.6    -156.8   .0
 01566    318.8    -156.6   .0
 01582    321.9    -156.6   .0
 01597    324.9    -156.3   .0
 01614    328.5    -156.1   .0
 01633    332.1    -155.8   .0
 01649    335.5    -155.6   .0
 01667    339.1    -155.2   .0
 01683    342.3    -154.9   .0
 01701    345.8    -154.8   .0
 01717    349.1    -154.6   .0
 01735    352.8    -154.4   .0
 01751    356.0    -154.3   .0
 01767    359.1    -154.3   .0
 01783    362.2    -154.1   .0
 01797    365.2    -154.0   .0
 01813    368.4    -153.9   .0
 01829    371.6    -153.9   .0
 01846    375.1    -153.9   .0
 01863    378.4    -154.0   .0
 01880    381.9    -154.0   .0
 01895    384.9    -154.0   .0
 01911    388.1    -154.1   .0
 01927    391.2    -154.2   .0
 01942    394.2    -154.3   .0
 01957    397.3    -154.3   .0
 01973    400.4    -154.5   .0
 01987    403.4    -154.6   .0
 02004    406.7    -155.0   .0
 02020    409.8    -155.2   .0
 02036    413.0    -155.2   .0
 02053    416.5    -155.6   .0
 02070    419.9    -155.7   .0
 02086    423.0    -156.0   .0
 02103    426.5    -156.2   .0
 02119    429.6    -156.2   .0
 02134    432.6    -156.4   .0
 02151    436.1    -156.6   .0
 02167    439.2    -156.6   .0
 02184    442.6    -156.8   .0
 02202    446.0    -156.9   .0
 02217    449.1    -157.0   .0
 02232    452.1    -156.9   .0
 02248    455.1    -157.4   .0
 02263    458.2    -157.2   .0
 02281    461.6    -157.2   .0
 02299    465.2    -157.0   .0
 02315    468.4    -157.2   .0
 02330    471.4    -157.0   .0
 02346    474.5    -157.3   .0
 02364    478.1    -157.1   .0
 02379    481.0    -157.2   .0
 02398    484.6    -157.3   .0
 02413    487.6    -157.1   .0
 02428    490.5    -157.3   .0
 02446    494.0    -157.3   .0
 02462    497.0    -157.2   .0
 02477    499.9    -157.3   .0
 02494    503.1    -157.3   .0
 02512    506.7    -157.3   .0
 02529    510.0    -157.3   .0
 02544    512.9    -157.1   .0
 02560    515.9    -157.6   .0
 02578    519.2    -157.2   .0
 02593    522.2    -157.3   .0
 02609    525.2    -157.3   .0
 02626    528.4    -157.4   .0
 02644    531.7    -157.5   .0
 02659    534.7    -157.4   .0
 02675    537.5    -157.4   .0
 02692    540.9    -157.6   .0
 02710    544.0    -157.7   .0
 02727    547.4    -157.7   .0
 02744    550.4    -158.0   .0
 02761    553.5    -158.0   .0
 02777    556.5    -158.0   .0
 02792    559.4    -158.2   .0
 02809    562.3    -158.6   .0
 02826    565.6    -158.6   .0
 02841    568.3    -158.4   .0
 02859    571.5    -158.9   .0
 02878    574.9    -158.9   .0
 02893    577.6    -158.9   .0
 02910    580.7    -159.2   .0
 02928    583.9    -159.1   .0
 02943    586.7    -159.1   .0
 02958    589.3    -159.1   .0
 02974    592.1    -159.1   .0
 02990    594.8    -159.0   .0
 03007    597.9    -159.2   .0
 03025    601.0    -159.2   .0
 03040    603.7    -159.1   .0
 03058    606.7    -159.3   .0
 03075    609.8    -158.9   .0
 03093    612.8    -159.2   .0
 03111    615.9    -159.3   .0
 03127    618.5    -159.1   .0
 03141    621.0    -159.1   .0
 03159    624.0    -159.3   .0
 03177    627.0    -159.3   .0
 03194    629.9    -159.3   .0
 03211    632.7    -159.1   .0
 03228    635.5    -159.2   .0
 03246    638.4    -159.3   .0
 03262    641.0    -159.4   .0
 03278    643.6    -159.2   .0
 03293    646.1    -158.7   .0
 03311    649.1    -159.4   .0
 03329    651.8    -159.4   .0
 03344    654.3    -159.5   .0
 03359    656.7    -159.4   .0
 03375    659.1    -159.5   .0
 03390    661.5    -159.4   .0
 03406    663.9    -159.6   .0
 03421    666.3    -159.5   .0
 03439    669.0    -159.5   .0
 03457    671.8    -159.5   .0
 03472    674.1    -159.6   .0
 03488    676.5    -159.4   .0
 03505    679.1    -159.7   .0
 03523    681.8    -159.7   .0
 03538    684.0    -159.7   .0
 03553    686.2    -159.5   .0
 03570    688.7    -159.6   .0
 03588    691.3    -159.7   .0
 00005    691.8    -159.5    .0
 00018    693.3    -159.6    .0
 00036    695.2    -159.6    .0
 00052    697.1    -159.6    .0
 00067    699.0    -159.6    .0
 00085    701.2    -159.5    .0
 00103    702.9    -159.6    .0
 00121    700.5    -159.7    .0
 00136    698.4    -159.6    .0
 00152    696.3    -159.6    .0
 00167    694.2    -159.5    .0
 00185    691.8    -159.4    .0
 00202    689.4    -159.6    .0
 00220    686.9    -159.4    .0
 00237    684.5    -159.5    .0
 00255    681.9    -159.1    .0
 00271    679.7    -159.4    .0
 00287    677.3    -159.4    .0
 00305    674.7    -159.6    .0
 00323    672.1    -159.5    .0
 00338    669.8    -159.5    .0
 00353    667.6    -159.3    .0
 00371    664.9    -159.9    .0
 00387    662.5    -159.3    .0
 00404    659.9    -159.3    .0
 00422    657.2    -159.5    .0
 00437    654.8    -159.1    .0
 00453    652.4    -159.2    .0
 00471    649.5    -159.4    .0
 00487    647.1    -159.2    .0
 00502    644.6    -159.2    .0
 00520    641.8    -159.3    .0
 00538    638.9    -159.4    .0
 00553    636.5    -159.1    .0
 00568    634.1    -159.4    .0
 00586    631.2    -159.0    .0
 00602    628.6    -159.5    .0
 00620    625.6    -159.1    .0
 00638    622.7    -159.1    .0
 00653    620.1    -159.0    .0
 00669    617.4    -159.2    .0
 00687    614.4    -159.2    .0
 00703    611.8    -159.1    .0
 00718    609.2    -159.0    .0
 00733    606.7    -158.9    .0
 00748    604.0    -159.4    .0
 00763    601.4    -158.8    .0
 00781    598.3    -159.0    .0
 00799    595.2    -159.0    .0
 00815    592.5    -158.9    .0
 00830    589.8    -158.8    .0
 00848    586.6    -158.8    .0
 00863    584.0    -158.8    .0
 00879    581.3    -158.7    .0
 00894    578.5    -158.5    .0
 00910    575.7    -158.6    .0
 00928    572.4    -158.5    .0
 00944    569.6    -158.1    .0
 00962    566.4    -158.2    .0
 00979    563.3    -157.5    .0
 00994    560.4    -156.9    .0
 01012    557.2    -155.4    .0
 01027    554.5    -154.7    .0
 01042    551.6    -153.0    .0
 01060    548.4    -151.8    .0
 01076    545.5    -150.2    .0
 01092    542.6    -149.6    .0
 01110    539.2    -148.9    .0
 01125    536.4    -148.2    .0
 01140    533.4    -147.5    .0
 01156    530.5    -146.9    .0
 01172    527.6    -146.2    .0
 01189    524.3    -145.7    .0
 01204    521.4    -144.8    .0
 01221    518.2    -144.1    .0
 01240    514.7    -143.5    .0
 01256    511.5    -143.0    .0
 01274    508.1    -142.3    .0
 01290    505.2    -141.7    .0
 01306    502.0    -141.1    .0
 01324    498.6    -140.7    .0
 01340    495.6    -140.2    .0
 01355    492.7    -139.8    .0
 01373    489.2    -139.6    .0
 01388    486.2    -138.9    .0
 01406    482.8    -138.9    .0
 01424    479.2    -138.6    .0
 01440    476.2    -138.4    .0
 01455    473.2    -138.3    .0
 01473    469.7    -138.0    .0
 01490    466.4    -137.7    .0
 01507    463.0    -137.6    .0
 01523    460.0    -137.1    .0
 01540    456.5    -137.1    .0
 01559    452.9    -136.8    .0
 01574    449.9    -136.3    .0
 01591    446.5    -136.3    .0
 01609    443.0    -136.1    .0
 01626    439.6    -135.8    .0
 01644    436.1    -135.8    .0
 01658    433.2    -135.4    .0
 01676    429.7    -135.2    .0
 01695    426.0    -135.2    .0
 01709    423.1    -134.8    .0
 01725    420.0    -134.8    .0
 01742    416.6    -134.5    .0
 01760    413.0    -134.0    .0
 01778    409.5    -134.2    .0
 01794    406.2    -134.4    .0
 01812    402.7    -134.0    .0
 01829    399.3    -133.7    .0
 01844    396.2    -133.6    .0
 01862    392.7    -133.7    .0
 01877    389.6    -133.4    .0
 01893    386.5    -133.4    .0
 01911    382.9    -133.3    .0
 01927    379.8    -133.1    .0
 01943    376.6    -133.2    .0
 01961    373.0    -133.1    .0
 01976    369.9    -132.8    .0
 01992    366.8    -132.7    .0
 02009    363.3    -132.6    .0
 02027    359.7    -132.6    .0
 02043    356.6    -132.5    .0
 02061    353.0    -132.4    .0
 02076    350.0    -132.4    .0
 02091    347.0    -132.4    .0
 02107    343.9    -132.1    .0
 02122    340.9    -132.2    .0
 02139    337.4    -132.2    .0
 02157    333.9    -132.1    .0
 02174    330.5    -132.2    .0
 02190    327.4    -132.2    .0
 02206    324.3    -131.8    .0
 02224    320.7    -132.0    .0
 02239    317.7    -131.7    .0
 02256    314.3    -131.9    .0
 02275    310.7    -131.3    .0
 02293    307.1    -131.4    .0
 02311    303.5    -131.3    .0
 02326    300.5    -131.3    .0
 02343    297.3    -131.3    .0
 02360    293.9    -131.6    .0
 02376    290.9    -132.0    .0
 02392    287.7    -132.3    .0
 02411    284.1    -132.3    .0
 02426    281.0    -132.3    .0
 02442    277.9    -132.5    .0
 02459    274.7    -132.7    .0
 02477    271.3    -132.5    .0
 02495    267.9    -132.9    .0
 02513    264.3    -133.0    .0
 02530    261.0    -133.1    .0
 02548    257.5    -133.0    .0
 02563    254.7    -133.3    .0
 02581    251.3    -133.5    .0
 02597    248.3    -133.4    .0
 02613    245.3    -133.6    .0
 02631    241.9    -133.6    .0
 02647    238.9    -133.7    .0
 02662    236.0    -133.6    .0
 02680    232.6    -134.1    .0
 02698    229.3    -133.9    .0
 02716    225.9    -134.1    .0
 02734    222.6    -133.9    .0
 02751    219.4    -134.2    .0
 02769    216.0    -134.3    .0
 02786    213.0    -134.3    .0
 02803    209.8    -134.4    .0
 02820    206.7    -134.5    .0
 02835    203.9    -134.5    .0
 02851    201.1    -134.5    .0
 02865    198.4    -134.6    .0
 02883    195.2    -134.8    .0
 02901    192.1    -134.9    .0
 02918    189.0    -134.9    .0
 02934    186.2    -135.0    .0
 02951    183.1    -135.0    .0
 02966    180.4    -135.1    .0
 02984    177.3    -135.3    .0
 02999    174.7    -135.2    .0
 03014    172.1    -135.4    .0
 03032    168.9    -135.3    .0
 03047    166.2    -135.4    .0
 03063    163.6    -135.5    .0
 03077    161.0    -135.5    .0
 03095    158.0    -135.7    .0
 03110    155.5    -135.6    .0
 03126    152.8    -135.6    .0
 03143    149.8    -135.9    .0
 03159    147.2    -135.7    .0
 03174    144.7    -135.9    .0
 03193    141.6    -135.9    .0
 03208    139.1    -136.0    .0
 03224    136.5    -135.9    .0
 03239    133.9    -136.2    .0
 03258    130.9    -136.1    .0
 03275    128.1    -136.3    .0
 03293    125.2    -136.2    .0
 03308    122.8    -136.4    .0
 03326    119.9    -136.4    .0
 03342    117.4    -136.4    .0
 03360    114.6    -136.5    .0
 03376    112.1    -136.6    .0
 03392    109.7    -136.5    .0
 03409    107.1    -136.7    .0
 03427    104.2    -136.7    .0
 03442    102.0    -136.8    .0
 03461    99.2    -136.8    .0
 03477    96.8    -137.0    .0
 03495    94.1    -136.9    .0
 03510    91.9    -137.1    .0
 03528    89.2    -137.1    .0
 03543    87.1    -137.3    .0
 03561    84.5    -137.2    .0
 03579    81.9    -137.5    .0
 03597    79.4    -137.4    .0
 03612    77.2    -137.6    .0
 03630    74.7    -137.5    .0
 03648    72.3    -137.8    .0
 03666    69.8    -137.7    .0
 03683    67.4    -137.8    .0
 03701    65.0    -137.8    .0
 03717    62.9    -137.9    .0
 03735    60.6    -137.9    .0
 03750    58.6    -138.0    .0
 03768    56.3    -137.9    .0
 03785    54.1    -138.1    .0
 03802    51.9    -138.1    .0
 03817    50.0    -138.2    .0
 03835    47.8    -138.1    .0
