time temp susc csusc
 0             0             0             0             0            no
 00000    39.3    -153.4   .0
 00020    42.1    -153.2   .0
 00038    44.7    -153.6   .0
 00056    47.4    -153.4   .0
 00075    50.1    -153.6   .0
 00093    52.8    -153.7   .0
 00108    55.0    -153.8   .0
 00123    57.3    -153.7   .0
 00141    60.0    -153.8   .0
 00159    62.7    -153.8   .0
 00175    65.2    -153.8   .0
 00192    67.8    -153.9   .0
 00207    70.1    -154.1   .0
 00225    72.9    -153.9   .0
 00243    75.7    -154.2   .0
 00260    78.5    -153.9   .0
 00276    80.9    -154.0   .0
 00293    83.8    -153.9   .0
 00311    86.6    -154.1   .0
 00329    89.5    -154.1   .0
 00344    91.9    -154.2   .0
 00362    94.9    -154.1   .0
 00379    97.7    -154.2   .0
 00398    100.7    -154.1   .0
 00413    103.2    -154.3   .0
 00431    106.3    -154.1   .0
 00449    109.3    -154.3   .0
 00467    112.4    -154.2   .0
 00484    115.3    -154.4   .0
 00502    118.3    -154.4   .0
 00519    121.1    -154.4   .0
 00534    123.8    -154.3   .0
 00550    126.5    -154.5   .0
 00568    129.6    -154.7   .0
 00585    132.5    -154.4   .0
 00600    135.1    -154.6   .0
 00617    138.2    -154.4   .0
 00635    141.2    -154.8   .0
 00653    144.4    -154.4   .0
 00670    147.5    -154.9   .0
 00688    150.8    -154.6   .0
 00707    154.0    -154.8   .0
 00725    157.3    -154.7   .0
 00743    160.5    -154.8   .0
 00761    163.8    -154.7   .0
 00776    166.5    -154.9   .0
 00794    169.9    -154.8   .0
 00809    172.5    -155.0   .0
 00827    175.9    -154.9   .0
 00844    179.1    -155.0   .0
 00862    182.4    -154.8   .0
 00880    185.7    -155.1   .0
 00898    189.1    -154.9   .0
 00916    192.4    -155.0   .0
 00934    195.7    -155.0   .0
 00950    198.7    -155.2   .0
 00967    202.0    -155.1   .0
 00982    204.8    -155.3   .0
 00999    207.9    -155.1   .0
 01014    210.8    -155.2   .0
 01032    214.2    -155.3   .0
 01046    217.0    -155.3   .0
 01065    220.5    -155.2   .0
 01080    223.4    -155.2   .0
 01097    226.6    -155.3   .0
 01112    229.5    -155.3   .0
 01127    232.4    -155.3   .0
 01145    235.9    -155.4   .0
 01160    238.8    -155.3   .0
 01175    241.7    -155.4   .0
 01190    244.7    -155.4   .0
 01206    247.7    -155.4   .0
 01220    250.5    -155.4   .0
 01236    253.5    -155.4   .0
 01250    256.4    -155.5   .0
 01267    259.7    -155.5   .0
 01285    263.1    -155.3   .0
 01300    266.1    -155.6   .0
 01319    269.8    -155.5   .0
 01337    273.4    -155.4   .0
 01355    276.9    -155.4   .0
 01371    280.1    -155.5   .0
 01389    283.7    -155.4   .0
 01407    287.1    -155.3   .0
 01425    290.8    -155.4   .0
 01441    293.9    -155.5   .0
 01458    297.3    -155.5   .0
 01474    300.5    -155.5   .0
 01489    303.5    -155.4   .0
 01507    307.1    -155.6   .0
 01525    310.7    -155.4   .0
 01540    313.6    -155.4   .0
 01558    317.3    -155.4   .0
 01574    320.4    -155.6   .0
 01589    323.4    -155.3   .0
 01604    326.5    -155.6   .0
 01623    330.1    -155.3   .0
 01640    333.7    -155.5   .0
 01659    337.4    -155.3   .0
 01676    340.9    -155.3   .0
 01694    344.6    -155.1   .0
 01712    348.1    -155.2   .0
 01730    351.8    -155.1   .0
 01748    355.3    -154.8   .0
 01766    358.9    -154.8   .0
 01782    362.1    -154.6   .0
 01798    365.3    -154.5   .0
 01813    368.3    -154.3   .0
 01829    371.5    -154.2   .0
 01844    374.6    -153.9   .0
 01860    377.8    -153.8   .0
 01878    381.5    -153.5   .0
 01894    384.6    -153.3   .0
 01909    387.7    -152.7   .0
 01927    391.2    -152.4   .0
 01945    394.8    -151.8   .0
 01960    397.9    -151.4   .0
 01978    401.6    -150.8   .0
 01994    404.7    -150.2   .0
 02012    408.4    -149.5   .0
 02028    411.4    -148.9   .0
 02044    414.6    -148.2   .0
 02059    417.6    -147.2   .0
 02076    421.1    -146.3   .0
 02095    424.8    -145.1   .0
 02112    428.3    -144.0   .0
 02131    432.0    -142.9   .0
 02147    435.3    -141.7   .0
 02165    438.8    -140.6   .0
 02181    441.9    -139.4   .0
 02197    445.1    -138.3   .0
 02212    448.2    -137.1   .0
 02229    451.6    -135.9   .0
 02245    454.6    -134.8   .0
 02260    457.6    -133.7   .0
 02276    460.6    -132.6   .0
 02291    463.7    -131.5   .0
 02306    466.7    -130.6   .0
 02321    469.6    -129.7   .0
 02336    472.4    -128.9   .0
 02353    475.8    -128.1   .0
 02368    478.8    -127.6   .0
 02383    481.7    -127.2   .0
 02400    485.0    -126.8   .0
 02415    487.9    -126.7   .0
 02433    491.4    -126.6   .0
 02449    494.6    -126.7   .0
 02466    497.8    -126.9   .0
 02480    500.6    -126.9   .0
 02497    503.8    -127.7   .0
 02516    507.3    -127.4   .0
 02531    510.3    -127.7   .0
 02549    513.8    -127.7   .0
 02565    516.9    -127.7   .0
 02583    520.3    -127.7   .0
 02600    523.4    -127.2   .0
 02614    526.1    -126.1   .0
 02632    529.4    -124.7   .0
 02650    532.9    -122.9   .0
 02666    535.9    -120.9   .0
 02684    539.3    -119.2   .0
 02699    542.1    -117.6   .0
 02717    545.4    -116.2   .0
 02732    548.2    -114.7   .0
 02749    551.4    -114.1   .0
 02764    554.2    -113.3   .0
 02782    557.5    -113.6   .0
 02801    560.9    -114.4   .0
 02819    564.2    -117.3   .0
 02837    567.6    -121.6   .0
 02852    570.2    -129.2   .0
 02870    573.6    -137.7   .0
 02887    576.6    -144.9   .0
 02905    579.7    -149.8   .0
 02921    582.6    -153.7   .0
 02939    585.9    -156.2   .0
 02954    588.5    -157.5   .0
 02971    591.5    -157.8   .0
 02989    594.8    -157.9   .0
 03005    597.5    -158.2   .0
 03020    600.2    -158.0   .0
 03037    603.2    -158.2   .0
 03056    606.3    -158.2   .0
 03071    609.0    -158.2   .0
 03086    611.5    -158.1   .0
 03102    614.3    -158.2   .0
 03120    617.3    -158.4   .0
 03135    619.9    -158.1   .0
 03150    622.4    -158.4   .0
 03168    625.5    -158.4   .0
 03184    628.2    -158.4   .0
 03202    631.1    -158.4   .0
 03217    633.7    -158.5   .0
 03234    636.5    -158.7   .0
 03253    639.5    -158.6   .0
 03267    641.9    -158.3   .0
 03283    644.5    -158.5   .0
 03301    647.4    -158.6   .0
 03316    649.8    -158.4   .0
 03334    652.7    -158.5   .0
 03353    655.6    -158.4   .0
 03370    658.4    -158.7   .0
 03388    661.3    -158.6   .0
 03405    663.8    -158.7   .0
 03419    666.0    -158.5   .0
 03435    668.5    -158.7   .0
 03453    671.3    -158.8   .0
 03468    673.6    -158.7   .0
 03484    675.9    -158.8   .0
 03499    678.2    -158.7   .0
 03514    680.4    -158.6   .0
 03532    683.0    -158.8   .0
 03550    685.7    -158.8   .0
 03567    688.2    -158.7   .0
 03582    690.3    -158.7   .0
 00005    690.9    -158.7    .0
 00018    692.3    -158.7    .0
 00035    694.2    -158.8    .0
 00050    696.0    -158.8    .0
 00066    697.8    -158.7    .0
 00081    699.9    -159.0    .0
 00100    702.3    -158.7    .0
 00114    700.4    -158.5    .0
 00132    698.1    -158.8    .0
 00150    695.6    -158.6    .0
 00166    693.5    -158.6    .0
 00184    691.0    -158.8    .0
 00199    688.9    -158.5    .0
 00217    686.4    -158.5    .0
 00235    683.8    -158.7    .0
 00252    681.3    -158.7    .0
 00267    679.2    -158.4    .0
 00283    676.9    -158.5    .0
 00301    674.2    -158.4    .0
 00319    671.6    -158.4    .0
 00336    669.1    -158.5    .0
 00354    666.4    -158.2    .0
 00370    664.0    -158.4    .0
 00388    661.3    -158.3    .0
 00405    658.8    -158.3    .0
 00420    656.5    -158.1    .0
 00437    653.7    -158.2    .0
 00456    650.8    -158.4    .0
 00471    648.6    -157.9    .0
 00488    645.8    -157.8    .0
 00507    642.9    -158.0    .0
 00523    640.2    -157.8    .0
 00540    637.5    -157.8    .0
 00557    634.8    -157.8    .0
 00575    631.9    -157.9    .0
 00592    629.1    -157.7    .0
 00609    626.3    -157.8    .0
 00624    623.8    -157.4    .0
 00642    620.8    -157.7    .0
 00661    617.7    -157.5    .0
 00678    614.7    -157.4    .0
 00696    611.7    -157.1    .0
 00713    608.8    -157.4    .0
 00731    605.9    -157.1    .0
 00746    603.2    -157.1    .0
 00764    600.1    -157.0    .0
 00782    597.0    -156.7    .0
 00799    594.0    -156.8    .0
 00817    590.8    -156.6    .0
 00832    588.2    -156.5    .0
 00850    585.1    -156.0    .0
 00867    582.0    -155.3    .0
 00885    578.9    -152.6    .0
 00903    575.7    -147.2    .0
 00920    572.7    -133.8    .0
 00936    569.7    -108.4    .0
 00954    566.4    -69.9    .0
 00972    563.3    -28.4    .0
 00987    560.6    18.8    .0
 01002    557.7    70.3    .0
 01021    554.4    101.3    .0
 01036    551.6    124.5    .0
 01051    548.7    144.4    .0
 01070    545.3    157.2    .0
 01085    542.5    168.2    .0
 01101    539.6    179.9    .0
 01119    536.3    190.0    .0
 01136    533.0    198.5    .0
 01153    529.8    199.9    .0
 01168    526.9    199.9    .0
 01184    524.0    199.9    .0
 01202    520.5    199.9    .0
 01219    517.4    199.9    .0
 01236    514.1    199.9    .0
 01253    510.9    199.9    .0
 01271    507.5    199.9    .0
 01289    504.1    199.9    .0
 01307    500.6    199.9    .0
 01321    497.8    199.9    .0
 01338    494.6    199.9    .0
 01355    491.3    199.9    .0
 01373    487.9    199.9    .0
 01390    484.6    199.9    .0
 01408    481.1    199.9    .0
 01425    477.7    199.9    .0
 01442    474.4    199.9    .0
 01459    471.0    199.9    .0
 01477    467.5    199.9    .0
 01494    464.2    199.9    .0
 01510    461.2    199.9    .0
 01527    457.7    199.9    .0
 01545    454.3    199.9    .0
 01562    450.8    199.9    .0
 01581    447.2    199.9    .0
 01596    444.3    199.9    .0
 01612    441.1    199.9    .0
 01630    437.5    199.9    .0
 01645    434.4    199.9    .0
 01664    430.8    199.9    .0
 01680    427.5    199.9    .0
 01698    423.9    199.9    .0
 01716    420.4    199.9    .0
 01733    417.0    199.9    .0
 01749    413.8    199.9    .0
 01767    410.2    199.9    .0
 01784    406.8    199.9    .0
 01799    403.8    199.9    .0
 01815    400.7    199.9    .0
 01833    397.1    199.9    .0
 01848    394.1    199.9    .0
 01863    391.1    199.9    .0
 01881    387.5    199.9    .0
 01899    384.0    199.9    .0
 01914    380.9    199.9    .0
 01930    377.8    199.9    .0
 01948    374.2    199.9    .0
 01964    370.9    199.9    .0
 01982    367.4    199.9    .0
 01996    364.5    199.9    .0
 02013    361.3    199.9    .0
 02030    357.8    199.9    .0
 02047    354.4    199.9    .0
 02065    350.9    199.9    .0
 02079    348.0    199.9    .0
 02094    345.0    199.9    .0
 02112    341.5    199.9    .0
 02128    338.4    199.9    .0
 02143    335.3    199.9    .0
 02161    331.7    199.9    .0
 02177    328.7    199.9    .0
 02193    325.4    199.9    .0
 02211    321.8    199.9    .0
 02227    318.7    199.9    .0
 02245    315.1    199.9    .0
 02261    312.0    199.9    .0
 02277    308.9    199.9    .0
 02292    305.9    199.9    .0
 02307    303.0    199.9    .0
 02324    299.6    199.9    .0
 02342    296.2    199.9    .0
 02359    292.8    199.9    .0
 02376    289.5    199.9    .0
 02391    286.5    199.9    .0
 02408    283.3    199.9    .0
 02426    279.8    199.9    .0
 02442    276.8    199.9    .0
 02459    273.3    199.9    .0
 02475    270.3    199.9    .0
 02493    266.9    199.9    .0
 02508    263.9    199.9    .0
 02526    260.5    199.9    .0
 02542    257.5    199.9    .0
 02560    253.9    199.9    .0
 02578    250.5    199.9    .0
 02593    247.7    199.9    .0
 02611    244.2    199.9    .0
 02630    240.8    199.9    .0
 02646    237.7    199.9    .0
 02663    234.4    199.9    .0
 02680    231.2    199.9    .0
 02695    228.5    199.9    .0
 02711    225.6    199.9    .0
 02728    222.3    199.9    .0
 02747    218.9    199.9    .0
 02762    216.1    199.9    .0
 02781    212.7    199.9    .0
 02798    209.5    199.9    .0
 02814    206.6    199.9    .0
 02831    203.4    199.9    .0
 02848    200.3    199.9    .0
 02863    197.6    199.9    .0
 02878    195.0    199.9    .0
 02896    191.7    199.9    .0
 02912    188.8    199.9    .0
 02930    185.7    199.9    .0
 02945    182.9    199.9    .0
 02963    179.7    199.9    .0
 02981    176.7    199.9    .0
 02998    173.6    199.9    .0
 03015    170.6    199.9    .0
 03032    167.7    199.9    .0
 03050    164.6    199.9    .0
 03067    161.7    199.9    .0
 03081    159.2    199.9    .0
 03098    156.3    199.9    .0
 03116    153.3    199.9    .0
 03133    150.5    199.9    .0
 03148    148.0    199.9    .0
 03164    145.3    199.9    .0
 03181    142.4    199.9    .0
 03197    139.8    199.9    .0
 03215    136.8    199.9    .0
 03231    134.2    199.9    .0
 03249    131.3    199.9    .0
 03264    128.8    199.9    .0
 03282    125.9    199.9    .0
 03297    123.5    199.9    .0
 03314    120.7    199.9    .0
 03330    118.3    199.9    .0
 03344    116.0    199.9    .0
 03359    113.7    199.9    .0
 03376    111.0    199.9    .0
 03392    108.6    199.9    .0
 03407    106.2    199.9    .0
 03426    103.5    199.9    .0
 03443    100.9    199.9    .0
 03458    98.5    199.9    .0
 03473    96.3    199.9    .0
 03488    94.0    199.9    .0
 03506    91.4    199.9    .0
 03521    89.2    199.9    .0
 03536    87.0    199.9    .0
 03552    84.8    199.9    .0
 03571    82.1    199.9    .0
 03588    79.7    199.9    .0
 03606    77.1    199.9    .0
 03622    74.9    199.9    .0
 03640    72.4    199.9    .0
 03656    70.1    199.9    .0
 03675    67.6    199.9    .0
 03690    65.5    199.9    .0
 03708    63.2    199.9    .0
 03724    61.1    199.9    .0
 03742    58.7    199.9    .0
 03758    56.7    199.9    .0
 03776    54.4    199.9    .0
 03792    52.3    199.9    .0
 03810    50.0    199.9    .0
 03826    48.1    199.9    .0
