time temp susc csusc
 0             0             0             0             0            no
 00000    39.3    -155.2   .0
 00015    41.4    -155.0   .0
 00037    44.6    -155.2   .0
 00052    46.8    -155.1   .0
 00070    49.4    -155.3   .0
 00088    52.1    -155.3   .0
 00106    54.7    -155.4   .0
 00123    57.3    -155.4   .0
 00138    59.6    -155.4   .0
 00154    62.0    -155.5   .0
 00169    64.3    -155.5   .0
 00185    66.7    -155.6   .0
 00201    69.1    -155.6   .0
 00215    71.4    -155.5   .0
 00232    74.0    -155.7   .0
 00250    76.8    -155.6   .0
 00266    79.4    -155.8   .0
 00283    82.1    -155.6   .0
 00300    84.8    -155.7   .0
 00317    87.6    -155.7   .0
 00334    90.3    -155.9   .0
 00352    93.3    -155.7   .0
 00370    96.1    -155.9   .0
 00388    99.2    -155.8   .0
 00406    102.0    -156.0   .0
 00424    105.1    -155.9   .0
 00441    108.0    -156.1   .0
 00459    110.9    -155.9   .0
 00476    113.8    -156.0   .0
 00494    116.9    -156.1   .0
 00510    119.6    -156.2   .0
 00528    122.7    -156.0   .0
 00545    125.7    -156.2   .0
 00561    128.4    -156.2   .0
 00579    131.5    -156.3   .0
 00596    134.5    -156.2   .0
 00613    137.4    -156.3   .0
 00631    140.6    -156.2   .0
 00647    143.4    -156.3   .0
 00662    146.1    -156.2   .0
 00678    149.0    -156.3   .0
 00697    152.3    -156.3   .0
 00712    155.0    -156.5   .0
 00730    158.3    -156.3   .0
 00748    161.6    -156.3   .0
 00766    164.8    -156.4   .0
 00781    167.5    -156.5   .0
 00800    170.9    -156.4   .0
 00817    174.1    -156.6   .0
 00835    177.5    -156.5   .0
 00852    180.6    -156.6   .0
 00870    183.8    -156.6   .0
 00885    186.6    -156.5   .0
 00900    189.5    -156.7   .0
 00916    192.4    -156.5   .0
 00932    195.4    -156.6   .0
 00950    198.8    -156.6   .0
 00966    201.7    -156.8   .0
 00984    205.1    -156.5   .0
 00999    207.9    -156.8   .0
 01014    210.9    -156.7   .0
 01031    214.0    -156.8   .0
 01049    217.4    -156.5   .0
 01065    220.5    -156.8   .0
 01082    223.9    -156.8   .0
 01097    226.7    -156.9   .0
 01112    229.6    -156.7   .0
 01130    233.0    -156.7   .0
 01147    236.3    -156.3   .0
 01164    239.7    -156.1   .0
 01183    243.2    -155.7   .0
 01200    246.6    -155.5   .0
 01219    250.2    -155.3   .0
 01235    253.4    -155.4   .0
 01253    256.9    -155.3   .0
 01269    260.0    -155.3   .0
 01287    263.5    -155.5   .0
 01301    266.4    -155.4   .0
 01317    269.4    -155.4   .0
 01332    272.4    -155.5   .0
 01347    275.4    -155.5   .0
 01365    278.8    -155.7   .0
 01380    281.8    -155.5   .0
 01398    285.4    -155.7   .0
 01416    289.0    -155.7   .0
 01431    292.0    -155.6   .0
 01450    295.7    -155.7   .0
 01465    298.7    -155.7   .0
 01482    302.1    -155.7   .0
 01497    305.1    -155.3   .0
 01514    308.5    -155.3   .0
 01530    311.6    -155.1   .0
 01545    314.6    -155.2   .0
 01563    318.2    -154.8   .0
 01578    321.3    -154.6   .0
 01595    324.6    -154.4   .0
 01613    328.2    -153.9   .0
 01628    331.3    -153.6   .0
 01646    334.9    -152.9   .0
 01662    338.0    -152.6   .0
 01677    341.1    -151.9   .0
 01692    344.1    -151.7   .0
 01707    347.1    -150.9   .0
 01723    350.3    -150.3   .0
 01740    353.8    -149.6   .0
 01756    356.9    -148.8   .0
 01772    360.1    -148.3   .0
 01787    363.2    -147.7   .0
 01805    366.8    -147.3   .0
 01821    369.9    -147.0   .0
 01839    373.6    -145.7   .0
 01854    376.6    -145.8   .0
 01872    380.3    -145.0   .0
 01890    383.9    -145.0   .0
 01908    387.5    -144.6   .0
 01924    390.6    -144.6   .0
 01939    393.7    -144.1   .0
 01957    397.2    -144.5   .0
 01975    400.8    -143.6   .0
 01993    404.5    -144.2   .0
 02011    408.1    -143.9   .0
 02026    411.1    -144.0   .0
 02044    414.6    -143.7   .0
 02060    418.0    -143.8   .0
 02079    421.6    -143.6   .0
 02096    425.1    -143.6   .0
 02114    428.7    -143.4   .0
 02131    432.0    -143.3   .0
 02149    435.6    -142.9   .0
 02166    439.0    -142.8   .0
 02184    442.6    -142.7   .0
 02201    445.9    -142.5   .0
 02217    449.2    -142.0   .0
 02232    452.1    -141.3   .0
 02248    455.1    -141.4   .0
 02264    458.3    -140.9   .0
 02282    461.9    -140.4   .0
 02300    465.4    -140.1   .0
 02315    468.3    -139.6   .0
 02332    471.7    -139.5   .0
 02350    475.2    -139.2   .0
 02367    478.6    -138.8   .0
 02383    481.7    -138.1   .0
 02401    485.1    -137.5   .0
 02419    488.7    -136.2   .0
 02434    491.6    -134.8   .0
 02451    494.9    -132.7   .0
 02466    497.8    -129.9   .0
 02484    501.2    -127.0   .0
 02498    504.1    -123.1   .0
 02514    507.1    -117.9   .0
 02532    510.5    -112.7   .0
 02548    513.5    -107.3   .0
 02563    516.3    -101.5   .0
 02577    519.2    -95.6   .0
 02594    522.4    -90.7   .0
 02611    525.5    -87.7   .0
 02626    528.4    -85.9   .0
 02641    531.2    -85.1   .0
 02656    534.0    -86.1   .0
 02671    536.9    -88.1   .0
 02689    540.2    -91.4   .0
 02704    543.0    -96.0   .0
 02719    545.8    -102.6   .0
 02737    549.1    -108.7   .0
 02752    552.0    -114.4   .0
 02768    554.9    -120.8   .0
 02784    557.9    -128.6   .0
 02802    561.1    -136.2   .0
 02817    563.9    -143.1   .0
 02834    566.9    -150.7   .0
 02852    570.2    -155.1   .0
 02868    573.2    -157.5   .0
 02886    576.5    -158.1   .0
 02902    579.2    -158.4   .0
 02917    581.9    -158.4   .0
 02934    585.0    -158.6   .0
 02950    587.8    -158.6   .0
 02966    590.7    -158.6   .0
 02982    593.4    -158.6   .0
 02999    596.5    -158.8   .0
 03017    599.6    -158.7   .0
 03032    602.2    -158.8   .0
 03050    605.4    -159.1   .0
 03065    608.0    -158.8   .0
 03080    610.5    -158.7   .0
 03098    613.6    -159.0   .0
 03115    616.6    -158.6   .0
 03131    619.2    -158.9   .0
 03148    622.2    -158.9   .0
 03163    624.7    -158.7   .0
 03182    627.8    -159.1   .0
 03200    630.8    -158.8   .0
 03218    633.8    -159.0   .0
 03237    636.9    -159.0   .0
 03252    639.4    -159.0   .0
 03269    642.3    -159.0   .0
 03285    644.8    -159.0   .0
 03302    647.6    -159.2   .0
 03318    650.1    -159.1   .0
 03335    652.8    -159.1   .0
 03353    655.7    -159.1   .0
 03371    658.5    -159.2   .0
 03386    660.9    -159.1   .0
 03404    663.7    -159.2   .0
 03422    666.5    -159.3   .0
 03437    668.8    -158.9   .0
 03453    671.1    -158.8   .0
 03471    673.9    -159.6   .0
 03489    676.6    -159.3   .0
 03504    678.9    -159.0   .0
 03520    681.3    -159.1   .0
 03538    684.0    -159.3   .0
 03556    686.6    -160.0   .0
 03573    689.2    -159.3   .0
 03591    691.6    -159.3   .0
 00005    692.1    -159.2    .0
 00018    693.6    -159.4    .0
 00036    695.5    -159.4    .0
 00052    697.3    -159.4    .0
 00066    699.2    -159.4    .0
 00085    701.5    -159.6    .0
 00100    703.5    -159.3    .0
 00115    701.6    -159.3    .0
 00133    699.1    -159.6    .0
 00151    696.7    -159.2    .0
 00168    694.3    -159.3    .0
 00186    691.9    -159.2    .0
 00202    689.7    -159.3    .0
 00220    687.1    -159.3    .0
 00236    685.0    -159.1    .0
 00253    682.5    -159.1    .0
 00271    680.0    -159.2    .0
 00288    677.5    -159.2    .0
 00306    674.9    -159.1    .0
 00321    672.6    -159.1    .0
 00337    670.3    -158.9    .0
 00354    667.8    -159.5    .0
 00372    665.1    -159.1    .0
 00390    662.4    -159.0    .0
 00405    660.0    -159.0    .0
 00420    657.7    -159.2    .0
 00438    655.0    -158.8    .0
 00455    652.3    -158.4    .0
 00472    649.7    -159.1    .0
 00487    647.3    -158.9    .0
 00503    644.9    -159.0    .0
 00518    642.4    -158.8    .0
 00534    639.9    -158.8    .0
 00549    637.5    -158.8    .0
 00567    634.7    -159.3    .0
 00585    631.7    -158.8    .0
 00602    628.9    -158.1    .0
 00617    626.4    -158.7    .0
 00634    623.6    -158.3    .0
 00649    621.1    -158.5    .0
 00664    618.6    -159.0    .0
 00683    615.5    -158.6    .0
 00699    612.8    -158.5    .0
 00714    610.1    -158.5    .0
 00732    607.1    -158.4    .0
 00750    604.1    -158.5    .0
 00765    601.4    -158.3    .0
 00781    598.7    -158.5    .0
 00799    595.5    -158.3    .0
 00815    592.8    -158.2    .0
 00832    589.9    -158.2    .0
 00850    586.7    -158.1    .0
 00867    583.6    -158.0    .0
 00883    580.9    -158.0    .0
 00898    578.1    -157.6    .0
 00916    575.0    -157.3    .0
 00934    571.8    -156.3    .0
 00949    569.0    -153.8    .0
 00966    565.9    -149.2    .0
 00984    562.7    -141.5    .0
 01002    559.4    -130.8    .0
 01019    556.3    -118.3    .0
 01035    553.3    -105.8    .0
 01051    550.5    -92.4    .0
 01067    547.5    -78.0    .0
 01085    544.2    -68.4    .0
 01100    541.4    -57.2    .0
 01116    538.4    -38.9    .0
 01134    535.0    -13.1    .0
 01152    531.7    20.6    .0
 01169    528.4    54.9    .0
 01184    525.6    93.0    .0
 01200    522.7    129.6    .0
 01218    519.3    147.9    .0
 01233    516.4    153.9    .0
 01248    513.5    153.6    .0
 01264    510.5    152.5    .0
 01279    507.7    151.0    .0
 01297    504.2    149.5    .0
 01314    500.9    148.2    .0
 01331    497.6    147.0    .0
 01347    494.6    145.5    .0
 01362    491.7    144.4    .0
 01380    488.2    142.6    .0
 01397    484.9    142.1    .0
 01413    481.8    140.9    .0
 01431    478.3    139.6    .0
 01449    474.8    138.3    .0
 01467    471.3    137.2    .0
 01485    467.8    136.3    .0
 01500    464.8    135.1    .0
 01518    461.3    133.7    .0
 01533    458.4    132.7    .0
 01550    454.9    132.0    .0
 01566    451.9    130.8    .0
 01582    448.7    129.4    .0
 01600    445.2    128.4    .0
 01616    442.1    127.3    .0
 01634    438.5    126.0    .0
 01649    435.4    125.5    .0
 01665    432.4    124.6    .0
 01680    429.3    123.6    .0
 01698    425.7    122.8    .0
 01714    422.6    122.1    .0
 01729    419.6    121.1    .0
 01744    416.5    120.9    .0
 01760    413.5    119.7    .0
 01777    410.0    118.8    .0
 01795    406.5    118.0    .0
 01810    403.4    117.3    .0
 01826    400.3    116.5    .0
 01842    397.1    115.8    .0
 01859    393.8    114.8    .0
 01876    390.3    114.4    .0
 01893    387.0    113.4    .0
 01908    383.9    112.8    .0
 01923    380.9    112.2    .0
 01940    377.4    111.2    .0
 01958    373.9    110.3    .0
 01976    370.5    109.9    .0
 01991    367.4    109.4    .0
 02007    364.3    108.6    .0
 02025    360.6    107.9    .0
 02040    357.5    107.3    .0
 02057    354.1    106.7    .0
 02072    351.2    106.2    .0
 02088    348.1    105.6    .0
 02106    344.5    104.9    .0
 02123    341.1    104.3    .0
 02140    337.8    103.5    .0
 02157    334.4    103.2    .0
 02174    331.0    102.5    .0
 02192    327.5    102.1    .0
 02209    324.0    101.5    .0
 02226    320.7    100.9    .0
 02244    317.2    100.8    .0
 02261    313.8    100.0    .0
 02276    310.7    99.4    .0
 02291    307.8    98.9    .0
 02309    304.4    98.3    .0
 02324    301.4    97.9    .0
 02340    298.3    97.3    .0
 02355    295.3    96.9    .0
 02371    292.3    96.2    .0
 02389    288.7    95.6    .0
 02404    285.7    94.7    .0
 02422    282.3    94.2    .0
 02438    279.3    93.4    .0
 02455    275.9    92.9    .0
 02470    272.9    92.0    .0
 02488    269.4    91.4    .0
 02504    266.5    90.9    .0
 02519    263.5    90.0    .0
 02537    260.0    89.6    .0
 02553    257.0    88.8    .0
 02571    253.6    88.3    .0
 02586    250.7    87.7    .0
 02604    247.4    87.3    .0
 02621    244.1    86.6    .0
 02638    240.8    86.1    .0
 02653    238.0    85.8    .0
 02669    235.1    85.1    .0
 02687    231.7    84.6    .0
 02705    228.4    84.2    .0
 02720    225.5    84.1    .0
 02738    222.2    83.0    .0
 02756    218.8    82.4    .0
 02771    216.1    82.1    .0
 02787    213.2    82.1    .0
 02802    210.3    81.5    .0
 02820    207.0    81.2    .0
 02836    204.2    80.8    .0
 02851    201.4    80.6    .0
 02867    198.6    80.1    .0
 02882    195.8    79.9    .0
 02897    193.1    79.3    .0
 02915    189.8    79.2    .0
 02931    187.0    78.5    .0
 02949    183.8    78.4    .0
 02965    181.1    78.1    .0
 02983    177.9    77.9    .0
 02998    175.3    77.6    .0
 03013    172.6    77.4    .0
 03029    169.8    77.1    .0
 03047    166.7    76.8    .0
 03062    164.1    76.6    .0
 03079    161.2    76.1    .0
 03097    158.0    76.1    .0
 03113    155.3    75.7    .0
 03131    152.3    75.5    .0
 03146    149.8    75.2    .0
 03161    147.2    75.1    .0
 03176    144.7    74.8    .0
 03191    142.2    74.8    .0
 03206    139.7    74.6    .0
 03224    136.8    74.4    .0
 03242    133.8    74.1    .0
 03257    131.4    74.0    .0
 03275    128.5    74.0    .0
 03290    126.0    73.7    .0
 03308    123.1    73.8    .0
 03326    120.3    73.5    .0
 03344    117.4    73.4    .0
 03360    115.0    73.2    .0
 03377    112.3    73.1    .0
 03395    109.6    72.8    .0
 03413    106.8    72.7    .0
 03428    104.4    72.4    .0
 03446    101.7    72.3    .0
 03461    99.4    71.9    .0
 03479    96.7    71.9    .0
 03495    94.4    71.5    .0
 03513    91.7    71.3    .0
 03528    89.5    71.1    .0
 03547    86.8    71.0    .0
 03561    84.7    70.8    .0
 03579    82.1    70.7    .0
 03595    79.9    70.4    .0
 03614    77.3    70.3    .0
 03629    75.1    70.1    .0
 03645    72.9    70.2    .0
 03662    70.6    69.9    .0
 03681    68.0    69.9    .0
 03696    66.0    69.7    .0
 03715    63.5    69.6    .0
 03730    61.5    69.4    .0
 03748    59.1    69.4    .0
 03763    57.2    69.2    .0
 03781    54.8    69.3    .0
 03798    52.7    69.2    .0
 03816    50.4    69.2    .0
 03832    48.4    69.0    .0
