time temp susc csusc
 0             0             0             0             0            no
 00000    39.3    -155.8   .0
 00020    42.1    -155.7   .0
 00038    44.7    -155.9   .0
 00056    47.3    -155.8   .0
 00071    49.5    -156.0   .0
 00089    52.3    -156.1   .0
 00105    54.5    -156.2   .0
 00120    56.9    -155.9   .0
 00137    59.4    -156.2   .0
 00156    62.2    -156.3   .0
 00173    64.8    -156.2   .0
 00190    67.5    -156.3   .0
 00206    69.9    -156.3   .0
 00221    72.2    -156.3   .0
 00237    74.9    -156.3   .0
 00254    77.6    -156.4   .0
 00271    80.1    -156.3   .0
 00287    82.7    -156.5   .0
 00305    85.7    -156.3   .0
 00323    88.5    -156.5   .0
 00342    91.5    -156.4   .0
 00356    93.9    -156.7   .0
 00372    96.5    -156.4   .0
 00390    99.4    -156.6   .0
 00408    102.4    -156.7   .0
 00423    104.9    -156.4   .0
 00440    107.8    -156.5   .0
 00456    110.4    -156.9   .0
 00471    113.0    -156.6   .0
 00488    115.9    -156.7   .0
 00505    118.8    -156.6   .0
 00520    121.4    -156.7   .0
 00538    124.5    -156.7   .0
 00555    127.3    -156.8   .0
 00570    130.0    -156.6   .0
 00586    132.8    -156.8   .0
 00604    135.9    -156.8   .0
 00622    139.0    -157.1   .0
 00640    142.2    -156.8   .0
 00657    145.1    -156.9   .0
 00675    148.4    -156.8   .0
 00691    151.2    -156.9   .0
 00706    154.0    -156.8   .0
 00721    156.6    -156.9   .0
 00739    160.0    -156.9   .0
 00755    162.8    -157.0   .0
 00770    165.5    -156.9   .0
 00786    168.4    -157.0   .0
 00803    171.6    -156.9   .0
 00819    174.4    -156.8   .0
 00837    177.7    -157.1   .0
 00852    180.6    -157.1   .0
 00868    183.4    -157.1   .0
 00882    186.2    -157.1   .0
 00898    189.0    -157.1   .0
 00913    191.9    -157.1   .0
 00929    194.9    -157.2   .0
 00945    197.8    -157.2   .0
 00961    200.9    -157.2   .0
 00979    204.1    -157.3   .0
 00994    207.0    -157.2   .0
 01012    210.4    -157.3   .0
 01028    213.5    -157.3   .0
 01043    216.4    -157.1   .0
 01061    219.7    -157.3   .0
 01079    223.2    -157.2   .0
 01096    226.5    -157.4   .0
 01112    229.5    -157.3   .0
 01127    232.4    -157.4   .0
 01143    235.6    -157.4   .0
 01160    238.8    -157.4   .0
 01177    242.1    -157.3   .0
 01193    245.1    -157.5   .0
 01208    248.2    -157.5   .0
 01225    251.4    -157.3   .0
 01240    254.5    -157.5   .0
 01256    257.5    -157.4   .0
 01274    261.0    -157.6   .0
 01292    264.6    -157.3   .0
 01308    267.7    -157.5   .0
 01325    271.0    -157.5   .0
 01341    274.1    -157.5   .0
 01357    277.4    -157.5   .0
 01372    280.3    -157.5   .0
 01387    283.2    -157.5   .0
 01403    286.4    -157.5   .0
 01420    289.7    -157.4   .0
 01435    292.8    -157.6   .0
 01451    295.9    -157.5   .0
 01467    299.0    -157.7   .0
 01482    302.1    -157.4   .0
 01500    305.7    -157.6   .0
 01519    309.4    -157.6   .0
 01534    312.4    -157.5   .0
 01552    315.9    -157.6   .0
 01567    319.1    -157.3   .0
 01585    322.5    -157.4   .0
 01603    326.2    -157.5   .0
 01618    329.2    -157.4   .0
 01633    332.2    -157.3   .0
 01650    335.7    -157.4   .0
 01666    338.9    -157.5   .0
 01682    342.0    -157.2   .0
 01699    345.5    -157.2   .0
 01718    349.2    -157.2   .0
 01733    352.2    -157.0   .0
 01748    355.3    -157.0   .0
 01763    358.3    -156.9   .0
 01778    361.4    -156.8   .0
 01796    364.9    -156.7   .0
 01814    368.6    -156.3   .0
 01831    372.0    -156.4   .0
 01849    375.6    -156.1   .0
 01864    378.6    -155.9   .0
 01882    382.1    -155.4   .0
 01898    385.5    -155.1   .0
 01916    389.1    -154.7   .0
 01933    392.5    -154.3   .0
 01949    395.7    -154.0   .0
 01965    398.8    -153.6   .0
 01981    402.1    -153.0   .0
 01999    405.7    -152.6   .0
 02014    408.8    -152.2   .0
 02032    412.3    -151.8   .0
 02047    415.3    -151.4   .0
 02063    418.4    -150.9   .0
 02078    421.6    -150.6   .0
 02096    425.1    -150.3   .0
 02112    428.2    -150.0   .0
 02127    431.3    -149.5   .0
 02143    434.3    -149.3   .0
 02160    437.8    -149.1   .0
 02175    440.8    -148.7   .0
 02191    443.9    -148.6   .0
 02206    447.0    -148.3   .0
 02221    449.9    -147.8   .0
 02237    453.0    -147.5   .0
 02253    456.1    -147.6   .0
 02271    459.7    -147.0   .0
 02287    462.9    -146.9   .0
 02303    466.0    -146.5   .0
 02319    469.1    -146.4   .0
 02337    472.6    -146.2   .0
 02352    475.6    -145.9   .0
 02367    478.6    -145.6   .0
 02385    482.1    -145.2   .0
 02400    485.1    -144.8   .0
 02417    488.3    -144.3   .0
 02434    491.7    -143.9   .0
 02449    494.6    -143.5   .0
 02466    497.7    -143.1   .0
 02481    500.7    -143.0   .0
 02497    503.8    -143.4   .0
 02513    506.8    -143.8   .0
 02528    509.8    -145.1   .0
 02547    513.3    -145.7   .0
 02563    516.4    -146.8   .0
 02581    519.8    -147.4   .0
 02596    522.7    -148.4   .0
 02611    525.5    -148.7   .0
 02626    528.3    -150.0   .0
 02644    531.8    -150.8   .0
 02660    534.8    -151.6   .0
 02678    538.2    -152.8   .0
 02694    541.1    -153.8   .0
 02712    544.4    -154.5   .0
 02727    547.2    -155.6   .0
 02742    550.2    -156.2   .0
 02760    553.4    -156.7   .0
 02775    556.2    -157.2   .0
 02791    559.0    -157.5   .0
 02809    562.3    -158.1   .0
 02824    565.2    -158.0   .0
 02840    568.0    -158.4   .0
 02858    571.3    -158.5   .0
 02874    574.2    -158.6   .0
 02889    577.0    -158.8   .0
 02907    580.2    -159.0   .0
 02924    583.3    -158.9   .0
 02940    586.0    -159.0   .0
 02957    589.1    -158.9   .0
 02973    592.0    -159.1   .0
 02989    594.7    -159.0   .0
 03005    597.6    -159.1   .0
 03024    600.8    -159.1   .0
 03039    603.4    -159.1   .0
 03054    606.0    -159.0   .0
 03069    608.6    -159.3   .0
 03087    611.7    -159.2   .0
 03102    614.3    -159.3   .0
 03117    616.9    -159.1   .0
 03133    619.6    -158.8   .0
 03152    622.7    -159.1   .0
 03167    625.4    -159.4   .0
 03185    628.4    -159.3   .0
 03204    631.5    -159.5   .0
 03219    634.0    -159.3   .0
 03234    636.5    -159.3   .0
 03253    639.5    -159.4   .0
 03269    642.3    -159.3   .0
 03284    644.7    -159.5   .0
 03299    647.1    -159.5   .0
 03318    650.1    -159.1   .0
 03335    652.8    -159.4   .0
 03351    655.3    -159.1   .0
 03367    657.9    -159.4   .0
 03386    660.8    -159.3   .0
 03402    663.4    -159.4   .0
 03419    666.0    -159.6   .0
 03435    668.5    -159.5   .0
 03453    671.2    -159.3   .0
 03470    673.7    -159.9   .0
 03485    676.1    -159.2   .0
 03502    678.7    -159.1   .0
 03520    681.3    -159.5   .0
 03536    683.7    -159.5   .0
 03551    685.9    -159.4   .0
 03566    688.1    -159.1   .0
 03584    690.7    -159.4   .0
 00005    691.2    -159.2    .0
 00018    692.6    -159.7    .0
 00036    694.6    -159.3    .0
 00051    696.4    -159.4    .0
 00067    698.4    -159.5    .0
 00085    700.7    -159.4    .0
 00103    702.2    -159.6    .0
 00120    700.0    -159.5    .0
 00138    697.6    -159.5    .0
 00155    695.2    -159.4    .0
 00171    693.0    -159.4    .0
 00189    690.6    -159.2    .0
 00205    688.4    -159.2    .0
 00220    686.2    -159.5    .0
 00239    683.6    -159.2    .0
 00254    681.5    -159.6    .0
 00269    679.3    -159.2    .0
 00287    676.7    -159.4    .0
 00306    674.0    -159.4    .0
 00321    671.7    -159.0    .0
 00339    669.0    -159.4    .0
 00358    666.2    -159.3    .0
 00373    663.9    -159.4    .0
 00389    661.5    -159.2    .0
 00406    658.9    -159.3    .0
 00424    656.2    -159.3    .0
 00439    653.9    -159.4    .0
 00454    651.5    -159.2    .0
 00472    648.8    -159.2    .0
 00490    645.9    -159.2    .0
 00507    643.2    -159.2    .0
 00524    640.4    -159.3    .0
 00541    637.8    -159.0    .0
 00555    635.4    -159.1    .0
 00574    632.5    -159.2    .0
 00591    629.6    -159.2    .0
 00606    627.1    -158.9    .0
 00624    624.2    -159.1    .0
 00643    621.1    -158.9    .0
 00660    618.2    -159.1    .0
 00678    615.1    -159.0    .0
 00694    612.5    -159.1    .0
 00709    609.9    -158.8    .0
 00725    607.2    -158.9    .0
 00743    604.1    -158.7    .0
 00760    601.2    -159.2    .0
 00776    598.5    -158.6    .0
 00793    595.5    -158.7    .0
 00812    592.3    -158.5    .0
 00829    589.2    -158.7    .0
 00847    586.0    -158.7    .0
 00862    583.3    -158.6    .0
 00880    580.2    -158.6    .0
 00898    577.1    -158.5    .0
 00913    574.3    -158.0    .0
 00929    571.4    -157.7    .0
 00948    568.1    -156.1    .0
 00963    565.3    -151.6    .0
 00978    562.6    -144.3    .0
 00996    559.4    -137.2    .0
 01011    556.5    -127.0    .0
 01028    553.5    -116.8    .0
 01046    550.1    -108.5    .0
 01064    546.9    -103.1    .0
 01082    543.6    -99.4    .0
 01099    540.4    -95.8    .0
 01116    537.2    -92.3    .0
 01134    533.8    -89.4    .0
 01150    530.9    -86.3    .0
 01165    527.9    -82.9    .0
 01180    525.1    -77.3    .0
 01198    521.8    -71.0    .0
 01216    518.4    -62.8    .0
 01233    515.2    -53.2    .0
 01249    512.1    -42.7    .0
 01266    508.8    -32.1    .0
 01284    505.4    -24.9    .0
 01300    502.4    -19.6    .0
 01314    499.6    -14.2    .0
 01332    496.3    -9.9    .0
 01349    492.9    -6.2    .0
 01364    489.9    -3.8    .0
 01379    487.1    -.5    .0
 01395    484.1    1.8    .0
 01413    480.5    3.9    .0
 01429    477.5    6.3    .0
 01447    473.9    7.9    .0
 01466    470.3    9.5    .0
 01481    467.3    10.9    .0
 01498    463.9    12.2    .0
 01515    460.6    13.2    .0
 01530    457.6    14.1    .0
 01548    454.2    14.9    .0
 01563    451.1    15.6    .0
 01579    448.1    16.6    .0
 01597    444.5    17.3    .0
 01614    441.1    18.2    .0
 01630    437.9    19.0    .0
 01648    434.4    19.7    .0
 01664    431.1    20.7    .0
 01680    428.0    21.3    .0
 01695    425.0    22.3    .0
 01713    421.4    23.3    .0
 01731    418.0    24.1    .0
 01747    414.6    25.2    .0
 01764    411.2    26.0    .0
 01780    408.2    27.0    .0
 01798    404.6    27.5    .0
 01815    401.1    29.1    .0
 01832    397.8    30.0    .0
 01850    394.3    31.1    .0
 01865    391.2    32.1    .0
 01882    387.7    33.0    .0
 01898    384.7    34.1    .0
 01913    381.7    35.2    .0
 01931    378.1    36.2    .0
 01946    375.1    37.1    .0
 01961    372.0    38.1    .0
 01976    369.0    39.4    .0
 01993    365.7    40.5    .0
 02011    362.2    41.6    .0
 02026    359.1    42.6    .0
 02041    356.0    43.6    .0
 02057    352.9    44.7    .0
 02072    350.0    45.9    .0
 02089    346.5    47.0    .0
 02107    342.9    48.2    .0
 02124    339.6    49.3    .0
 02142    336.1    50.1    .0
 02157    333.0    51.2    .0
 02173    329.9    52.3    .0
 02191    326.4    53.0    .0
 02206    323.4    54.0    .0
 02222    320.1    55.1    .0
 02240    316.7    55.9    .0
 02255    313.6    57.0    .0
 02271    310.4    58.0    .0
 02290    306.8    59.0    .0
 02308    303.4    59.9    .0
 02326    299.8    60.7    .0
 02341    296.7    61.5    .0
 02356    293.8    62.3    .0
 02372    290.8    62.9    .0
 02389    287.3    63.7    .0
 02405    284.3    64.3    .0
 02421    281.2    65.2    .0
 02439    277.7    65.9    .0
 02455    274.6    66.6    .0
 02473    271.2    67.1    .0
 02490    267.9    67.8    .0
 02508    264.5    68.2    .0
 02523    261.5    69.0    .0
 02539    258.4    69.5    .0
 02557    255.0    70.1    .0
 02572    252.1    70.6    .0
 02590    248.7    71.3    .0
 02606    245.8    71.6    .0
 02621    242.9    72.3    .0
 02637    239.9    72.7    .0
 02652    237.1    72.9    .0
 02669    233.8    73.0    .0
 02685    230.9    72.8    .0
 02702    227.7    72.8    .0
 02717    224.9    72.3    .0
 02732    222.0    71.9    .0
 02748    219.1    71.3    .0
 02766    215.8    70.5    .0
 02781    213.0    70.2    .0
 02797    210.0    69.0    .0
 02816    206.7    68.3    .0
 02831    203.9    67.3    .0
 02849    200.7    66.5    .0
 02866    197.6    65.3    .0
 02882    194.7    64.6    .0
 02899    191.6    63.9    .0
 02914    188.9    62.8    .0
 02929    186.2    62.0    .0
 02946    183.2    60.8    .0
 02964    180.0    59.9    .0
 02979    177.4    59.0    .0
 02997    174.3    57.7    .0
 03015    171.1    57.0    .0
 03030    168.5    55.7    .0
 03048    165.3    54.8    .0
 03066    162.2    53.8    .0
 03084    159.1    52.9    .0
 03100    156.4    51.8    .0
 03118    153.4    50.9    .0
 03134    150.7    49.7    .0
 03152    147.7    49.0    .0
 03167    145.1    47.9    .0
 03183    142.5    46.9    .0
 03201    139.6    46.1    .0
 03218    136.7    45.1    .0
 03236    133.7    44.6    .0
 03253    131.1    43.3    .0
 03271    128.1    42.6    .0
 03286    125.6    41.7    .0
 03305    122.7    41.0    .0
 03321    120.1    40.1    .0
 03339    117.3    39.4    .0
 03356    114.6    38.6    .0
 03374    111.8    37.8    .0
 03391    109.2    37.1    .0
 03406    106.8    36.4    .0
 03423    104.2    35.6    .0
 03440    101.6    35.0    .0
 03457    99.1    34.4    .0
 03472    96.9    33.8    .0
 03487    94.6    33.0    .0
 03505    91.9    32.5    .0
 03521    89.6    31.7    .0
 03539    86.9    31.2    .0
 03554    84.8    30.6    .0
 03570    82.6    30.1    .0
 03587    80.1    29.6    .0
 03602    78.0    29.0    .0
 03617    75.9    28.6    .0
 03632    73.8    27.9    .0
 03651    71.3    27.5    .0
 03667    69.0    26.7    .0
 03686    66.5    26.3    .0
 03704    64.1    25.6    .0
 03721    61.7    25.3    .0
 03737    59.7    24.7    .0
 03752    57.7    24.5    .0
 03767    55.8    23.9    .0
 03785    53.5    23.5    .0
 03801    51.4    23.1    .0
 03819    49.3    22.7    .0
