time temp susc csusc
 0             0             0             0             0            no
 00000    39.3    -154.4   .0
 00025    42.8    -154.6   .0
 00042    45.4    -154.5   .0
 00059    47.8    -154.8   .0
 00077    50.5    -154.7   .0
 00093    52.8    -155.0   .0
 00111    55.5    -154.7   .0
 00129    58.1    -154.9   .0
 00147    60.9    -155.0   .0
 00163    63.3    -155.1   .0
 00181    66.1    -155.0   .0
 00198    68.8    -155.2   .0
 00216    71.6    -155.1   .0
 00232    74.0    -155.3   .0
 00250    76.9    -155.2   .0
 00265    79.3    -155.3   .0
 00283    82.1    -155.3   .0
 00299    84.6    -155.4   .0
 00317    87.5    -155.3   .0
 00334    90.2    -155.5   .0
 00351    93.1    -155.4   .0
 00369    96.0    -155.6   .0
 00387    99.0    -155.5   .0
 00405    102.0    -155.7   .0
 00423    104.9    -155.6   .0
 00438    107.4    -155.7   .0
 00455    110.3    -155.6   .0
 00471    112.9    -155.8   .0
 00486    115.6    -155.7   .0
 00502    118.3    -155.8   .0
 00520    121.4    -155.7   .0
 00535    124.0    -155.9   .0
 00554    127.1    -155.7   .0
 00569    129.7    -155.9   .0
 00586    132.8    -156.0   .0
 00601    135.4    -155.9   .0
 00617    138.2    -156.0   .0
 00632    140.9    -155.9   .0
 00648    143.6    -156.0   .0
 00663    146.3    -156.0   .0
 00679    149.1    -156.1   .0
 00694    151.7    -156.0   .0
 00709    154.5    -156.1   .0
 00724    157.3    -156.0   .0
 00740    160.1    -156.1   .0
 00758    163.3    -156.2   .0
 00773    166.0    -156.3   .0
 00791    169.3    -156.0   .0
 00806    172.1    -156.2   .0
 00825    175.5    -156.1   .0
 00842    178.7    -156.3   .0
 00860    182.1    -156.2   .0
 00878    185.3    -156.4   .0
 00893    188.1    -156.2   .0
 00908    190.9    -156.4   .0
 00927    194.4    -156.4   .0
 00944    197.7    -156.3   .0
 00963    201.1    -156.2   .0
 00979    204.2    -156.5   .0
 00994    207.1    -156.4   .0
 01012    210.5    -156.5   .0
 01030    213.8    -156.4   .0
 01047    217.2    -156.6   .0
 01065    220.5    -156.5   .0
 01082    223.8    -156.6   .0
 01100    227.2    -156.6   .0
 01116    230.2    -156.6   .0
 01131    233.2    -156.5   .0
 01146    236.1    -156.5   .0
 01164    239.5    -156.5   .0
 01180    242.6    -156.5   .0
 01195    245.6    -156.3   .0
 01212    248.8    -156.5   .0
 01230    252.3    -156.4   .0
 01246    255.4    -156.4   .0
 01261    258.5    -156.4   .0
 01277    261.5    -156.5   .0
 01294    265.0    -156.5   .0
 01309    267.9    -156.4   .0
 01328    271.5    -156.5   .0
 01343    274.5    -156.4   .0
 01358    277.5    -156.5   .0
 01373    280.5    -156.5   .0
 01388    283.5    -156.5   .0
 01405    286.9    -156.4   .0
 01423    290.3    -156.1   .0
 01438    293.3    -156.4   .0
 01453    296.4    -156.2   .0
 01470    299.8    -156.2   .0
 01488    303.4    -156.0   .0
 01504    306.5    -155.8   .0
 01520    309.6    -155.5   .0
 01536    312.8    -155.3   .0
 01554    316.4    -154.8   .0
 01569    319.4    -154.3   .0
 01586    322.9    -153.8   .0
 01602    326.1    -153.2   .0
 01618    329.2    -152.3   .0
 01633    332.2    -151.9   .0
 01649    335.3    -150.9   .0
 01665    338.6    -150.2   .0
 01683    342.2    -149.9   .0
 01698    345.2    -148.8   .0
 01715    348.7    -148.2   .0
 01731    351.8    -147.6   .0
 01748    355.2    -147.0   .0
 01765    358.8    -146.4   .0
 01781    361.9    -145.9   .0
 01797    365.2    -145.5   .0
 01816    368.9    -145.1   .0
 01831    372.0    -144.7   .0
 01847    375.2    -144.3   .0
 01865    378.7    -144.1   .0
 01880    381.8    -144.0   .0
 01898    385.3    -143.9   .0
 01913    388.5    -143.7   .0
 01929    391.6    -143.8   .0
 01946    395.0    -144.0   .0
 01961    398.1    -144.0   .0
 01976    401.1    -144.0   .0
 01993    404.5    -144.5   .0
 02009    407.6    -145.1   .0
 02027    411.2    -145.2   .0
 02044    414.7    -145.9   .0
 02062    418.3    -146.3   .0
 02079    421.7    -146.6   .0
 02097    425.3    -147.2   .0
 02112    428.3    -147.2   .0
 02130    431.9    -148.1   .0
 02149    435.5    -148.4   .0
 02167    439.1    -148.6   .0
 02184    442.6    -149.0   .0
 02199    445.6    -149.2   .0
 02214    448.5    -149.4   .0
 02230    451.6    -149.5   .0
 02245    454.7    -149.8   .0
 02264    458.3    -149.9   .0
 02280    461.6    -150.1   .0
 02297    464.8    -150.2   .0
 02312    467.9    -150.3   .0
 02328    470.9    -150.5   .0
 02343    474.0    -150.3   .0
 02359    477.1    -149.9   .0
 02374    480.0    -149.8   .0
 02392    483.5    -149.2   .0
 02407    486.4    -148.5   .0
 02422    489.4    -147.7   .0
 02438    492.4    -147.2   .0
 02453    495.3    -146.7   .0
 02469    498.3    -146.8   .0
 02484    501.2    -148.6   .0
 02501    504.6    -150.5   .0
 02516    507.5    -152.1   .0
 02531    510.3    -152.9   .0
 02549    513.7    -153.8   .0
 02567    517.2    -154.2   .0
 02583    520.2    -154.7   .0
 02601    523.6    -155.0   .0
 02616    526.6    -155.2   .0
 02632    529.5    -155.4   .0
 02649    532.8    -155.7   .0
 02664    535.6    -155.8   .0
 02681    538.8    -156.1   .0
 02699    542.2    -156.6   .0
 02715    545.1    -157.0   .0
 02731    547.9    -156.8   .0
 02748    551.2    -157.0   .0
 02763    554.0    -157.3   .0
 02782    557.4    -157.5   .0
 02800    560.7    -157.4   .0
 02815    563.6    -158.1   .0
 02830    566.3    -158.6   .0
 02848    569.5    -158.4   .0
 02866    572.7    -158.4   .0
 02881    575.4    -158.5   .0
 02899    578.7    -158.6   .0
 02915    581.5    -158.5   .0
 02930    584.4    -158.6   .0
 02949    587.6    -158.9   .0
 02964    590.3    -158.5   .0
 02981    593.3    -159.0   .0
 02999    596.6    -158.7   .0
 03017    599.7    -158.9   .0
 03036    602.9    -158.8   .0
 03054    606.0    -158.8   .0
 03072    609.1    -158.6   .0
 03087    611.7    -159.1   .0
 03102    614.3    -158.9   .0
 03117    616.9    -158.7   .0
 03136    620.0    -159.0   .0
 03154    623.1    -158.6   .0
 03171    626.1    -159.3   .0
 03190    629.1    -159.0   .0
 03206    631.8    -158.9   .0
 03223    634.7    -159.1   .0
 03242    637.7    -159.2   .0
 03259    640.6    -159.2   .0
 03275    643.1    -159.1   .0
 03290    645.6    -158.8   .0
 03305    648.1    -159.4   .0
 03321    650.6    -159.1   .0
 03339    653.4    -159.1   .0
 03354    655.8    -158.8   .0
 03370    658.4    -159.0   .0
 03388    661.1    -159.4   .0
 03403    663.5    -158.7   .0
 03418    665.8    -159.1   .0
 03437    668.7    -159.2   .0
 03454    671.4    -159.2   .0
 03471    674.0    -159.4   .0
 03487    676.4    -159.3   .0
 03502    678.7    -159.5   .0
 03518    681.0    -159.1   .0
 03533    683.2    -159.3   .0
 03551    685.9    -159.0   .0
 03569    688.5    -159.2   .0
 03586    690.9    -159.9   .0
 00005    691.4    -159.2    .0
 00018    692.9    -159.5    .0
 00036    694.9    -159.4    .0
 00053    696.8    -159.3    .0
 00068    698.7    -159.2    .0
 00085    700.8    -159.4    .0
 00102    702.6    -159.1    .0
 00119    700.3    -159.3    .0
 00137    697.9    -159.4    .0
 00153    695.8    -159.2    .0
 00168    693.7    -159.3    .0
 00186    691.2    -159.2    .0
 00202    689.0    -159.2    .0
 00217    686.9    -159.1    .0
 00233    684.6    -159.2    .0
 00252    682.0    -159.2    .0
 00268    679.7    -159.3    .0
 00282    677.6    -159.2    .0
 00298    675.3    -159.2    .0
 00316    672.7    -158.9    .0
 00331    670.5    -159.3    .0
 00349    667.9    -159.3    .0
 00367    665.2    -159.1    .0
 00382    662.8    -159.6    .0
 00397    660.6    -159.1    .0
 00414    657.9    -159.1    .0
 00432    655.2    -159.1    .0
 00448    652.8    -158.9    .0
 00463    650.4    -159.0    .0
 00481    647.6    -159.0    .0
 00499    644.7    -159.0    .0
 00514    642.3    -159.0    .0
 00530    639.8    -158.8    .0
 00547    637.1    -158.8    .0
 00564    634.2    -159.1    .0
 00582    631.3    -158.7    .0
 00600    628.4    -159.0    .0
 00618    625.5    -158.6    .0
 00632    623.1    -158.5    .0
 00649    620.3    -158.8    .0
 00666    617.4    -158.9    .0
 00682    614.9    -158.7    .0
 00696    612.4    -158.7    .0
 00715    609.2    -158.8    .0
 00730    606.6    -158.5    .0
 00746    603.8    -158.8    .0
 00765    600.7    -158.6    .0
 00782    597.6    -158.7    .0
 00800    594.6    -158.5    .0
 00817    591.6    -158.5    .0
 00835    588.5    -158.9    .0
 00852    585.4    -158.9    .0
 00870    582.2    -158.6    .0
 00886    579.5    -158.5    .0
 00901    576.7    -158.4    .0
 00919    573.6    -158.3    .0
 00936    570.5    -157.9    .0
 00953    567.5    -158.2    .0
 00970    564.4    -158.0    .0
 00987    561.2    -157.7    .0
 01003    558.4    -157.5    .0
 01018    555.7    -157.2    .0
 01035    552.5    -156.8    .0
 01053    549.2    -155.7    .0
 01068    546.4    -155.1    .0
 01084    543.5    -152.8    .0
 01101    540.3    -150.4    .0
 01119    537.0    -149.2    .0
 01136    533.8    -147.7    .0
 01152    530.9    -147.2    .0
 01166    528.1    -145.4    .0
 01184    524.7    -144.1    .0
 01202    521.4    -141.6    .0
 01220    518.0    -139.6    .0
 01234    515.2    -136.7    .0
 01249    512.4    -133.3    .0
 01267    508.9    -128.6    .0
 01283    505.9    -123.3    .0
 01301    502.4    -117.9    .0
 01317    499.4    -110.4    .0
 01332    496.5    -99.2    .0
 01350    493.0    -82.6    .0
 01368    489.6    -62.9    .0
 01383    486.6    -35.0    .0
 01402    483.1    -9.0    .0
 01419    479.7    11.2    .0
 01434    476.8    26.7    .0
 01449    473.9    36.7    .0
 01467    470.4    38.5    .0
 01482    467.4    36.8    .0
 01499    464.0    32.8    .0
 01518    460.3    29.2    .0
 01534    457.2    26.3    .0
 01552    453.7    23.9    .0
 01567    450.6    21.5    .0
 01585    447.1    19.8    .0
 01603    443.5    18.3    .0
 01619    440.4    16.7    .0
 01638    436.8    15.7    .0
 01655    433.3    14.8    .0
 01671    430.2    13.6    .0
 01686    427.1    13.3    .0
 01704    423.6    12.4    .0
 01722    420.0    11.9    .0
 01737    417.0    11.2    .0
 01755    413.4    10.4    .0
 01773    409.8    9.9    .0
 01790    406.5    9.0    .0
 01808    403.0    8.6    .0
 01823    399.8    8.1    .0
 01841    396.3    7.7    .0
 01857    393.2    7.1    .0
 01872    390.1    6.7    .0
 01887    387.2    6.1    .0
 01905    383.6    5.5    .0
 01923    380.0    5.1    .0
 01940    376.5    4.1    .0
 01958    373.0    4.2    .0
 01973    369.9    3.2    .0
 01989    366.9    3.2    .0
 02004    363.8    2.8    .0
 02022    360.2    2.3    .0
 02038    357.1    2.0    .0
 02053    354.1    1.3    .0
 02071    350.5    1.0    .0
 02088    347.0    .5    .0
 02104    343.9    .3    .0
 02120    340.7    -.3    .0
 02138    337.1    -.6    .0
 02154    334.0    -.9    .0
 02169    331.0    -1.2    .0
 02186    327.6    -1.9    .0
 02204    324.1    -2.2    .0
 02219    321.1    -2.8    .0
 02235    318.0    -2.9    .0
 02250    315.0    -3.5    .0
 02268    311.5    -3.9    .0
 02285    308.2    -4.4    .0
 02300    305.1    -4.7    .0
 02316    302.0    -5.3    .0
 02334    298.4    -5.7    .0
 02350    295.4    -6.1    .0
 02365    292.4    -6.8    .0
 02381    289.3    -7.3    .0
 02397    286.2    -8.8    .0
 02415    282.6    -9.6    .0
 02432    279.3    -10.1    .0
 02447    276.4    -10.8    .0
 02463    273.4    -11.6    .0
 02482    269.8    -12.2    .0
 02497    266.9    -12.8    .0
 02512    264.0    -13.4    .0
 02529    260.8    -14.1    .0
 02547    257.3    -14.7    .0
 02562    254.4    -15.2    .0
 02577    251.5    -15.7    .0
 02592    248.7    -16.1    .0
 02608    245.7    -16.8    .0
 02626    242.3    -17.3    .0
 02643    239.1    -17.8    .0
 02658    236.1    -18.2    .0
 02677    232.7    -18.8    .0
 02695    229.3    -19.2    .0
 02710    226.5    -19.8    .0
 02726    223.6    -19.9    .0
 02742    220.6    -20.7    .0
 02760    217.3    -21.0    .0
 02775    214.4    -21.6    .0
 02793    211.2    -22.0    .0
 02809    208.2    -22.6    .0
 02825    205.3    -22.8    .0
 02840    202.6    -23.6    .0
 02858    199.3    -23.8    .0
 02876    196.1    -24.2    .0
 02891    193.4    -24.4    .0
 02906    190.7    -24.9    .0
 02921    188.0    -25.2    .0
 02938    184.9    -25.6    .0
 02954    182.1    -25.9    .0
 02970    179.3    -26.4    .0
 02988    176.2    -26.7    .0
 03003    173.6    -26.9    .0
 03018    170.8    -27.4    .0
 03036    167.7    -27.7    .0
 03051    165.1    -28.2    .0
 03069    162.0    -28.4    .0
 03085    159.3    -28.6    .0
 03100    156.7    -29.0    .0
 03115    154.1    -29.4    .0
 03130    151.6    -29.5    .0
 03148    148.6    -29.9    .0
 03163    146.0    -30.2    .0
 03179    143.4    -30.7    .0
 03197    140.5    -30.9    .0
 03211    138.1    -31.2    .0
 03226    135.6    -31.4    .0
 03242    133.1    -31.3    .0
 03258    130.4    -32.1    .0
 03276    127.5    -32.2    .0
 03292    124.9    -32.4    .0
 03308    122.5    -32.9    .0
 03324    119.8    -33.0    .0
 03342    117.1    -33.2    .0
 03357    114.7    -33.4    .0
 03373    112.2    -33.7    .0
 03390    109.6    -33.9    .0
 03405    107.2    -34.1    .0
 03420    104.9    -34.3    .0
 03436    102.5    -34.6    .0
 03454    99.8    -34.7    .0
 03470    97.4    -35.0    .0
 03488    94.7    -35.2    .0
 03504    92.4    -35.5    .0
 03521    89.8    -35.8    .0
 03538    87.4    -36.0    .0
 03553    85.2    -36.2    .0
 03568    83.0    -36.5    .0
 03586    80.5    -36.8    .0
 03601    78.3    -36.9    .0
 03616    76.2    -37.3    .0
 03634    73.7    -37.5    .0
 03650    71.5    -37.7    .0
 03667    69.2    -38.0    .0
 03684    66.9    -38.1    .0
 03700    64.9    -38.4    .0
 03715    62.8    -38.4    .0
 03730    60.8    -38.7    .0
 03749    58.3    -38.7    .0
 03766    56.1    -38.9    .0
 03784    53.8    -39.1    .0
 03801    51.7    -39.3    .0
 03818    49.6    -39.3    .0
