time temp susc csusc
 0             0             0             0             0            no
 00000    39.3    -156.3   .0
 00020    42.1    -155.9   .0
 00039    44.8    -156.3   .0
 00058    47.6    -156.2   .0
 00075    50.2    -156.4   .0
 00094    52.9    -156.3   .0
 00110    55.4    -156.5   .0
 00128    58.1    -156.3   .0
 00146    60.7    -156.4   .0
 00164    63.5    -156.5   .0
 00180    65.9    -156.6   .0
 00195    68.3    -156.5   .0
 00213    71.0    -156.6   .0
 00230    73.6    -156.5   .0
 00246    76.2    -156.6   .0
 00264    79.0    -156.6   .0
 00279    81.5    -156.8   .0
 00297    84.2    -156.6   .0
 00315    87.1    -156.7   .0
 00333    90.1    -156.7   .0
 00349    92.8    -156.7   .0
 00365    95.3    -156.7   .0
 00380    97.8    -156.9   .0
 00395    100.3    -156.7   .0
 00413    103.3    -156.9   .0
 00431    106.3    -156.7   .0
 00449    109.3    -156.9   .0
 00467    112.4    -156.8   .0
 00483    114.9    -157.0   .0
 00500    117.9    -156.9   .0
 00515    120.5    -157.0   .0
 00531    123.2    -156.9   .0
 00549    126.3    -156.9   .0
 00567    129.5    -156.9   .0
 00585    132.5    -157.0   .0
 00603    135.7    -156.8   .0
 00618    138.4    -157.0   .0
 00637    141.6    -157.0   .0
 00652    144.4    -157.1   .0
 00670    147.5    -157.1   .0
 00685    150.2    -157.0   .0
 00702    153.3    -157.1   .0
 00719    156.2    -157.1   .0
 00734    159.0    -157.1   .0
 00749    161.7    -157.1   .0
 00767    164.9    -157.1   .0
 00782    167.6    -157.2   .0
 00800    170.9    -157.1   .0
 00817    174.1    -157.3   .0
 00835    177.4    -157.1   .0
 00852    180.4    -157.3   .0
 00870    183.8    -157.2   .0
 00887    186.9    -157.3   .0
 00905    190.4    -157.2   .0
 00923    193.7    -157.3   .0
 00941    197.2    -157.3   .0
 00956    200.0    -157.2   .0
 00974    203.4    -157.5   .0
 00989    206.2    -157.2   .0
 01004    209.0    -157.5   .0
 01023    212.5    -157.3   .0
 01038    215.4    -157.3   .0
 01056    218.9    -157.4   .0
 01072    221.8    -157.3   .0
 01087    224.8    -157.4   .0
 01105    228.2    -157.4   .0
 01120    231.2    -157.4   .0
 01138    234.6    -157.4   .0
 01154    237.6    -157.5   .0
 01169    240.5    -157.4   .0
 01184    243.4    -157.6   .0
 01199    246.4    -157.2   .0
 01217    249.8    -157.6   .0
 01235    253.3    -157.4   .0
 01253    256.9    -157.5   .0
 01271    260.3    -157.4   .0
 01286    263.3    -157.4   .0
 01303    266.7    -157.6   .0
 01320    270.1    -157.5   .0
 01337    273.3    -157.6   .0
 01352    276.4    -157.4   .0
 01368    279.4    -157.6   .0
 01385    282.9    -157.6   .0
 01401    286.0    -157.5   .0
 01416    289.1    -157.6   .0
 01432    292.1    -157.5   .0
 01447    295.2    -157.6   .0
 01465    298.7    -157.5   .0
 01481    301.9    -157.6   .0
 01496    305.0    -157.4   .0
 01513    308.2    -157.6   .0
 01528    311.3    -157.3   .0
 01546    314.9    -157.4   .0
 01565    318.5    -157.2   .0
 01580    321.6    -157.3   .0
 01598    325.1    -157.2   .0
 01612    328.1    -157.3   .0
 01630    331.6    -157.1   .0
 01647    335.1    -157.0   .0
 01665    338.7    -156.9   .0
 01680    341.7    -156.7   .0
 01695    344.7    -156.7   .0
 01711    347.9    -156.5   .0
 01727    351.0    -156.4   .0
 01743    354.3    -156.5   .0
 01761    357.9    -156.5   .0
 01777    361.1    -156.5   .0
 01794    364.5    -156.1   .0
 01810    367.8    -156.3   .0
 01829    371.5    -156.2   .0
 01846    374.9    -156.2   .0
 01864    378.6    -156.0   .0
 01879    381.6    -156.2   .0
 01896    385.1    -156.1   .0
 01912    388.3    -156.2   .0
 01928    391.4    -156.1   .0
 01945    394.9    -156.3   .0
 01963    398.5    -156.3   .0
 01981    402.1    -156.5   .0
 01999    405.7    -156.5   .0
 02017    409.2    -156.7   .0
 02035    412.9    -156.9   .0
 02052    416.3    -157.1   .0
 02070    419.9    -156.9   .0
 02087    423.3    -157.2   .0
 02105    426.9    -157.2   .0
 02121    430.0    -157.1   .0
 02139    433.6    -157.1   .0
 02157    437.1    -157.1   .0
 02172    440.2    -157.2   .0
 02190    443.7    -157.2   .0
 02205    446.8    -157.1   .0
 02223    450.3    -157.1   .0
 02240    453.6    -157.3   .0
 02258    457.1    -157.0   .0
 02273    460.2    -157.0   .0
 02291    463.7    -157.1   .0
 02307    466.8    -157.2   .0
 02322    469.8    -157.1   .0
 02337    472.8    -156.8   .0
 02355    476.3    -157.1   .0
 02373    479.7    -157.3   .0
 02388    482.6    -156.9   .0
 02406    486.1    -157.0   .0
 02424    489.7    -156.8   .0
 02439    492.6    -156.6   .0
 02457    496.1    -156.3   .0
 02473    499.1    -155.4   .0
 02488    502.1    -154.4   .0
 02507    505.7    -153.6   .0
 02522    508.6    -154.4   .0
 02539    511.9    -156.5   .0
 02554    514.8    -156.8   .0
 02573    518.3    -157.0   .0
 02588    521.2    -157.0   .0
 02603    524.0    -157.0   .0
 02618    526.9    -157.1   .0
 02636    530.3    -157.0   .0
 02652    533.2    -157.4   .0
 02670    536.6    -157.5   .0
 02685    539.4    -157.5   .0
 02700    542.2    -157.8   .0
 02718    545.7    -157.9   .0
 02734    548.6    -157.6   .0
 02752    551.9    -158.0   .0
 02770    555.2    -158.0   .0
 02785    558.0    -158.2   .0
 02802    561.2    -158.5   .0
 02817    563.9    -158.4   .0
 02833    566.7    -158.7   .0
 02851    570.0    -158.9   .0
 02866    572.8    -158.9   .0
 02883    575.9    -159.1   .0
 02902    579.3    -159.2   .0
 02919    582.3    -159.2   .0
 02934    585.0    -158.7   .0
 02951    588.1    -159.1   .0
 02970    591.3    -159.3   .0
 02986    594.2    -159.2   .0
 03004    597.4    -159.3   .0
 03020    600.1    -159.1   .0
 03035    602.8    -159.1   .0
 03052    605.8    -159.1   .0
 03070    608.8    -159.3   .0
 03088    612.0    -159.3   .0
 03104    614.6    -159.3   .0
 03121    617.5    -159.5   .0
 03136    620.1    -159.3   .0
 03153    623.0    -159.3   .0
 03172    626.1    -159.7   .0
 03187    628.7    -159.4   .0
 03205    631.7    -159.3   .0
 03221    634.3    -159.2   .0
 03237    636.9    -159.5   .0
 03254    639.8    -159.5   .0
 03269    642.2    -159.5   .0
 03285    644.8    -159.6   .0
 03303    647.7    -159.4   .0
 03318    650.2    -159.5   .0
 03336    653.0    -159.7   .0
 03351    655.4    -159.5   .0
 03369    658.3    -159.4   .0
 03388    661.1    -159.5   .0
 03403    663.6    -159.5   .0
 03419    666.0    -159.5   .0
 03437    668.7    -159.5   .0
 03455    671.5    -159.7   .0
 03472    674.1    -159.1   .0
 03487    676.3    -159.7   .0
 03502    678.7    -160.1   .0
 03519    681.1    -159.6   .0
 03536    683.7    -159.7   .0
 03554    686.3    -159.7   .0
 03571    688.8    -159.6   .0
 03588    691.3    -159.7   .0
 00005    691.8    -159.6    .0
 00018    693.2    -159.7    .0
 00037    695.3    -159.4    .0
 00052    697.1    -159.6    .0
 00067    699.0    -159.6    .0
 00086    701.3    -159.6    .0
 00104    702.7    -159.6    .0
 00120    700.6    -159.6    .0
 00137    698.3    -159.8    .0
 00152    696.2    -159.3    .0
 00170    693.7    -159.9    .0
 00189    691.2    -159.5    .0
 00206    688.8    -159.6    .0
 00225    686.2    -159.7    .0
 00240    684.1    -159.7    .0
 00255    681.9    -159.6    .0
 00272    679.4    -159.7    .0
 00288    677.2    -159.5    .0
 00303    675.0    -159.5    .0
 00320    672.4    -159.6    .0
 00335    670.2    -159.5    .0
 00350    668.0    -159.0    .0
 00369    665.2    -159.6    .0
 00386    662.5    -159.6    .0
 00402    660.2    -159.2    .0
 00419    657.6    -159.2    .0
 00437    654.8    -159.4    .0
 00454    652.2    -159.4    .0
 00471    649.5    -159.2    .0
 00487    647.0    -159.3    .0
 00502    644.6    -159.1    .0
 00518    642.0    -159.1    .0
 00536    639.2    -159.5    .0
 00554    636.3    -158.8    .0
 00571    633.6    -158.6    .0
 00586    631.1    -159.4    .0
 00601    628.7    -158.9    .0
 00619    625.7    -159.1    .0
 00637    622.7    -158.8    .0
 00653    620.0    -159.1    .0
 00669    617.3    -158.9    .0
 00687    614.4    -159.1    .0
 00705    611.4    -159.2    .0
 00720    608.8    -158.9    .0
 00738    605.8    -158.9    .0
 00756    602.6    -158.8    .0
 00773    599.6    -159.0    .0
 00789    596.9    -158.9    .0
 00806    594.0    -159.1    .0
 00824    590.9    -158.6    .0
 00841    587.9    -158.7    .0
 00856    585.1    -158.7    .0
 00872    582.4    -158.8    .0
 00890    579.2    -158.8    .0
 00906    576.3    -158.6    .0
 00924    573.1    -158.8    .0
 00941    570.0    -158.4    .0
 00959    566.8    -158.3    .0
 00974    564.0    -158.5    .0
 00990    561.2    -158.0    .0
 01005    558.5    -157.6    .0
 01023    555.2    -157.1    .0
 01040    552.0    -157.1    .0
 01056    549.2    -156.3    .0
 01071    546.2    -156.3    .0
 01090    542.8    -155.7    .0
 01107    539.6    -155.1    .0
 01122    536.8    -155.3    .0
 01137    534.0    -155.0    .0
 01153    531.1    -154.9    .0
 01168    528.2    -153.9    .0
 01184    525.3    -153.7    .0
 01200    522.1    -153.2    .0
 01218    518.7    -152.9    .0
 01236    515.4    -152.4    .0
 01252    512.3    -152.2    .0
 01270    508.9    -152.2    .0
 01285    505.9    -151.8    .0
 01303    502.5    -151.8    .0
 01322    499.0    -151.4    .0
 01339    495.7    -151.4    .0
 01357    492.1    -151.2    .0
 01373    489.1    -151.1    .0
 01390    485.8    -150.7    .0
 01408    482.3    -150.8    .0
 01424    479.3    -150.6    .0
 01442    475.7    -150.4    .0
 01460    472.2    -150.2    .0
 01476    469.1    -150.2    .0
 01491    466.0    -150.0    .0
 01507    463.1    -149.9    .0
 01525    459.5    -149.9    .0
 01540    456.5    -149.6    .0
 01555    453.6    -149.5    .0
 01573    450.0    -149.3    .0
 01591    446.6    -149.1    .0
 01607    443.2    -149.1    .0
 01625    439.8    -148.8    .0
 01640    436.9    -149.0    .0
 01655    433.9    -148.8    .0
 01670    430.8    -148.4    .0
 01686    427.6    -148.3    .0
 01705    423.9    -148.4    .0
 01720    420.8    -148.1    .0
 01736    417.6    -148.2    .0
 01754    414.1    -148.0    .0
 01771    410.8    -147.9    .0
 01788    407.4    -147.8    .0
 01806    403.8    -147.7    .0
 01821    400.7    -147.7    .0
 01837    397.7    -147.5    .0
 01853    394.5    -147.4    .0
 01871    390.9    -147.7    .0
 01886    387.8    -147.4    .0
 01901    384.8    -147.4    .0
 01919    381.2    -147.5    .0
 01934    378.2    -147.2    .0
 01950    375.0    -147.0    .0
 01968    371.5    -147.0    .0
 01986    368.0    -147.1    .0
 02001    364.9    -147.1    .0
 02016    361.9    -147.0    .0
 02033    358.5    -147.0    .0
 02048    355.5    -146.8    .0
 02066    351.9    -146.8    .0
 02084    348.3    -147.3    .0
 02102    344.9    -146.7    .0
 02118    341.6    -146.9    .0
 02137    338.0    -146.8    .0
 02152    334.8    -147.1    .0
 02170    331.3    -146.7    .0
 02186    328.2    -146.6    .0
 02200    325.3    -146.7    .0
 02219    321.7    -146.8    .0
 02236    318.3    -146.8    .0
 02251    315.3    -146.5    .0
 02269    311.9    -146.6    .0
 02287    308.2    -146.6    .0
 02302    305.3    -146.8    .0
 02320    301.8    -146.9    .0
 02336    298.7    -147.3    .0
 02350    295.8    -147.5    .0
 02368    292.4    -147.7    .0
 02383    289.5    -147.7    .0
 02399    286.4    -147.9    .0
 02417    282.9    -147.9    .0
 02432    279.9    -147.9    .0
 02449    276.6    -148.1    .0
 02464    273.6    -147.6    .0
 02479    270.7    -148.1    .0
 02498    267.2    -147.9    .0
 02513    264.3    -148.2    .0
 02531    260.9    -148.2    .0
 02546    258.0    -148.2    .0
 02561    255.0    -148.3    .0
 02577    252.0    -148.2    .0
 02592    249.2    -148.3    .0
 02610    245.8    -148.4    .0
 02627    242.5    -148.4    .0
 02642    239.7    -148.4    .0
 02657    236.8    -148.3    .0
 02674    233.7    -148.4    .0
 02692    230.2    -148.4    .0
 02710    226.9    -148.4    .0
 02728    223.5    -148.3    .0
 02746    220.3    -148.5    .0
 02764    216.9    -148.3    .0
 02780    214.0    -148.5    .0
 02798    210.7    -148.6    .0
 02814    207.8    -148.6    .0
 02832    204.5    -148.6    .0
 02847    201.7    -148.7    .0
 02863    198.8    -148.9    .0
 02879    196.0    -148.7    .0
 02896    192.9    -148.7    .0
 02912    190.1    -148.8    .0
 02928    187.2    -148.9    .0
 02945    184.1    -148.7    .0
 02960    181.4    -148.9    .0
 02978    178.3    -148.9    .0
 02995    175.4    -148.9    .0
 03013    172.2    -148.8    .0
 03030    169.2    -149.0    .0
 03048    166.1    -148.9    .0
 03066    163.0    -149.1    .0
 03084    159.9    -149.0    .0
 03099    157.3    -149.1    .0
 03117    154.2    -149.0    .0
 03132    151.7    -149.1    .0
 03150    148.6    -149.1    .0
 03166    146.1    -149.2    .0
 03183    143.1    -149.2    .0
 03199    140.6    -149.3    .0
 03214    138.0    -149.3    .0
 03230    135.4    -149.2    .0
 03247    132.6    -149.4    .0
 03262    130.2    -149.3    .0
 03278    127.6    -149.5    .0
 03296    124.7    -149.4    .0
 03313    122.0    -149.7    .0
 03331    119.1    -149.5    .0
 03346    116.7    -149.6    .0
 03363    114.1    -149.6    .0
 03378    111.8    -149.6    .0
 03395    109.2    -149.8    .0
 03410    106.8    -149.6    .0
 03428    104.1    -149.7    .0
 03446    101.3    -149.7    .0
 03463    98.9    -149.7    .0
 03479    96.4    -149.8    .0
 03494    94.1    -149.8    .0
 03510    91.8    -149.9    .0
 03528    89.3    -149.7    .0
 03542    87.1    -149.8    .0
 03560    84.5    -149.8    .0
 03577    82.1    -149.9    .0
 03595    79.6    -149.8    .0
 03611    77.3    -150.0    .0
 03626    75.2    -149.9    .0
 03642    73.0    -149.9    .0
 03657    70.9    -149.9    .0
 03672    68.9    -149.9    .0
 03687    66.8    -149.9    .0
 03703    64.8    -150.0    .0
 03720    62.5    -149.9    .0
 03736    60.4    -150.0    .0
 03751    58.4    -149.9    .0
 03767    56.3    -150.0    .0
 03785    54.0    -150.0    .0
 03800    52.1    -150.0    .0
 03816    50.1    -149.9    .0
 03833    48.0    -150.1    .0
