time temp susc csusc
 0             0             0             0             0            no
 00000    39.3    -156.6   .0
 00020    42.2    -156.5   .0
 00039    44.9    -156.7   .0
 00057    47.5    -156.5   .0
 00075    50.2    -156.8   .0
 00094    52.9    -156.7   .0
 00109    55.2    -156.8   .0
 00127    57.9    -156.5   .0
 00145    60.6    -156.8   .0
 00163    63.3    -156.9   .0
 00178    65.6    -156.7   .0
 00193    68.0    -157.0   .0
 00212    70.9    -156.9   .0
 00227    73.2    -156.9   .0
 00242    75.6    -156.9   .0
 00260    78.4    -156.9   .0
 00275    80.8    -156.8   .0
 00291    83.4    -156.9   .0
 00310    86.4    -157.0   .0
 00324    88.7    -157.0   .0
 00339    91.1    -157.0   .0
 00357    94.1    -156.9   .0
 00375    96.9    -157.2   .0
 00393    100.0    -157.0   .0
 00409    102.5    -157.1   .0
 00424    105.2    -157.1   .0
 00443    108.2    -157.0   .0
 00457    110.6    -157.1   .0
 00475    113.6    -157.1   .0
 00490    116.3    -157.2   .0
 00508    119.3    -157.3   .0
 00524    122.0    -157.3   .0
 00542    125.1    -157.1   .0
 00556    127.6    -157.2   .0
 00574    130.7    -157.2   .0
 00589    133.2    -157.3   .0
 00605    136.1    -157.0   .0
 00621    138.8    -157.3   .0
 00639    142.0    -157.2   .0
 00654    144.7    -157.1   .0
 00670    147.5    -157.0   .0
 00688    150.8    -157.1   .0
 00704    153.6    -157.2   .0
 00721    156.7    -157.2   .0
 00738    159.7    -157.3   .0
 00755    162.8    -157.2   .0
 00770    165.5    -157.3   .0
 00786    168.4    -157.3   .0
 00804    171.6    -157.2   .0
 00820    174.6    -157.3   .0
 00836    177.7    -157.2   .0
 00853    180.6    -157.4   .0
 00870    183.9    -157.3   .0
 00885    186.7    -157.3   .0
 00903    190.0    -157.3   .0
 00918    192.8    -157.5   .0
 00935    196.0    -157.3   .0
 00950    198.8    -157.3   .0
 00967    202.0    -157.2   .0
 00984    205.2    -157.3   .0
 00999    208.0    -157.5   .0
 01014    210.8    -157.2   .0
 01029    213.6    -157.2   .0
 01046    217.0    -157.4   .0
 01064    220.3    -157.3   .0
 01080    223.5    -157.3   .0
 01095    226.3    -157.1   .0
 01110    229.3    -157.5   .0
 01129    232.8    -157.5   .0
 01145    235.8    -157.4   .0
 01160    238.9    -157.3   .0
 01179    242.5    -157.3   .0
 01195    245.5    -157.3   .0
 01209    248.4    -157.3   .0
 01227    251.8    -157.3   .0
 01245    255.3    -157.4   .0
 01260    258.3    -157.4   .0
 01275    261.2    -157.3   .0
 01290    264.2    -157.3   .0
 01309    267.8    -157.2   .0
 01324    270.8    -157.4   .0
 01342    274.4    -157.1   .0
 01358    277.6    -157.3   .0
 01377    281.2    -157.2   .0
 01392    284.3    -157.2   .0
 01410    287.8    -156.9   .0
 01425    290.7    -157.2   .0
 01441    293.9    -157.1   .0
 01457    297.2    -157.0   .0
 01475    300.6    -157.0   .0
 01492    304.0    -157.2   .0
 01506    306.9    -156.9   .0
 01521    309.9    -157.0   .0
 01538    313.3    -156.8   .0
 01554    316.4    -156.8   .0
 01572    320.1    -156.4   .0
 01588    323.2    -156.4   .0
 01606    326.8    -156.6   .0
 01621    329.9    -156.9   .0
 01637    332.9    -156.6   .0
 01652    336.1    -156.7   .0
 01671    339.8    -156.2   .0
 01685    342.7    -156.8   .0
 01700    345.7    -156.5   .0
 01716    348.9    -156.5   .0
 01734    352.5    -156.6   .0
 01752    356.1    -156.6   .0
 01767    359.2    -156.6   .0
 01785    362.8    -156.5   .0
 01803    366.4    -156.6   .0
 01821    369.9    -156.7   .0
 01838    373.4    -156.9   .0
 01855    376.9    -156.8   .0
 01873    380.4    -156.7   .0
 01889    383.6    -156.9   .0
 01907    387.2    -157.0   .0
 01924    390.5    -156.9   .0
 01938    393.5    -156.8   .0
 01956    397.0    -156.8   .0
 01973    400.5    -156.9   .0
 01990    403.8    -156.9   .0
 02006    407.1    -156.8   .0
 02023    410.4    -156.8   .0
 02040    414.0    -156.8   .0
 02058    417.5    -156.8   .0
 02074    420.7    -157.6   .0
 02089    423.7    -157.0   .0
 02104    426.7    -157.1   .0
 02122    430.3    -157.4   .0
 02137    433.3    -157.1   .0
 02155    436.8    -157.0   .0
 02171    440.0    -157.2   .0
 02190    443.7    -157.0   .0
 02204    446.6    -157.1   .0
 02222    450.1    -157.3   .0
 02239    453.4    -157.2   .0
 02254    456.4    -157.1   .0
 02269    459.3    -156.9   .0
 02285    462.4    -157.3   .0
 02302    465.9    -156.7   .0
 02319    469.3    -157.5   .0
 02336    472.5    -157.3   .0
 02354    476.0    -157.5   .0
 02369    478.9    -157.5   .0
 02383    481.8    -157.4   .0
 02399    484.8    -157.4   .0
 02417    488.4    -157.9   .0
 02435    491.8    -157.6   .0
 02450    494.6    -157.6   .0
 02465    497.6    -157.7   .0
 02483    501.0    -157.6   .0
 02500    504.3    -157.4   .0
 02516    507.5    -157.4   .0
 02534    510.9    -157.7   .0
 02550    513.9    -158.0   .0
 02568    517.4    -157.7   .0
 02583    520.2    -157.8   .0
 02600    523.5    -158.0   .0
 02618    526.8    -157.9   .0
 02633    529.8    -158.0   .0
 02651    533.0    -158.3   .0
 02668    536.3    -158.2   .0
 02685    539.4    -158.0   .0
 02701    542.4    -158.3   .0
 02719    545.7    -158.5   .0
 02735    548.7    -158.3   .0
 02749    551.4    -158.8   .0
 02764    554.1    -158.2   .0
 02782    557.5    -158.8   .0
 02800    560.7    -158.9   .0
 02814    563.4    -158.6   .0
 02830    566.2    -159.2   .0
 02849    569.6    -158.8   .0
 02864    572.4    -158.7   .0
 02881    575.5    -158.9   .0
 02896    578.3    -158.8   .0
 02914    581.4    -158.7   .0
 02932    584.7    -158.7   .0
 02948    587.5    -158.8   .0
 02966    590.7    -158.6   .0
 02984    593.9    -158.9   .0
 03002    597.1    -158.5   .0
 03021    600.3    -158.8   .0
 03039    603.5    -159.0   .0
 03054    606.0    -158.6   .0
 03072    609.1    -158.9   .0
 03090    612.3    -158.9   .0
 03106    615.0    -158.5   .0
 03123    618.0    -159.2   .0
 03140    620.9    -158.6   .0
 03157    623.6    -159.1   .0
 03175    626.6    -159.0   .0
 03191    629.4    -159.1   .0
 03208    632.1    -158.9   .0
 03225    635.0    -159.1   .0
 03243    638.0    -158.8   .0
 03261    640.8    -159.2   .0
 03279    643.8    -158.9   .0
 03297    646.8    -159.6   .0
 03316    649.7    -159.2   .0
 03334    652.6    -159.2   .0
 03352    655.5    -159.1   .0
 03370    658.3    -159.1   .0
 03388    661.3    -159.1   .0
 03403    663.5    -158.7   .0
 03419    666.0    -159.3   .0
 03438    668.9    -159.3   .0
 03455    671.5    -159.2   .0
 03472    674.1    -159.3   .0
 03489    676.7    -159.2   .0
 03507    679.4    -159.1   .0
 03524    681.9    -159.4   .0
 03539    684.1    -159.1   .0
 03554    686.3    -159.2   .0
 03572    689.0    -159.2   .0
 03590    691.6    -159.0   .0
 00005    692.1    -159.4    .0
 00018    693.5    -158.8    .0
 00036    695.5    -159.3    .0
 00053    697.4    -159.4    .0
 00069    699.4    -159.3    .0
 00086    701.6    -159.3    .0
 00104    702.9    -159.6    .0
 00119    700.9    -159.2    .0
 00137    698.5    -159.5    .0
 00155    696.1    -159.5    .0
 00173    693.7    -159.2    .0
 00190    691.3    -159.1    .0
 00207    689.0    -159.3    .0
 00225    686.5    -159.0    .0
 00241    684.1    -159.4    .0
 00257    682.0    -159.3    .0
 00272    679.7    -159.2    .0
 00290    677.1    -159.2    .0
 00308    674.5    -159.1    .0
 00326    671.9    -158.7    .0
 00343    669.4    -158.7    .0
 00360    666.8    -159.7    .0
 00375    664.6    -159.0    .0
 00391    662.1    -159.0    .0
 00410    659.3    -159.2    .0
 00425    657.0    -158.9    .0
 00440    654.6    -159.2    .0
 00459    651.7    -158.4    .0
 00474    649.4    -158.7    .0
 00492    646.6    -159.0    .0
 00510    643.7    -159.0    .0
 00527    641.0    -159.2    .0
 00545    638.1    -159.0    .0
 00562    635.3    -158.9    .0
 00577    632.9    -158.9    .0
 00595    630.0    -159.1    .0
 00613    627.0    -158.8    .0
 00632    623.9    -158.9    .0
 00650    620.9    -158.8    .0
 00665    618.5    -158.7    .0
 00679    616.0    -158.8    .0
 00697    613.0    -158.6    .0
 00715    609.9    -159.0    .0
 00730    607.5    -158.7    .0
 00748    604.3    -159.0    .0
 00767    601.1    -158.7    .0
 00781    598.6    -158.9    .0
 00798    595.6    -158.9    .0
 00816    592.5    -158.9    .0
 00833    589.6    -158.7    .0
 00850    586.7    -158.7    .0
 00867    583.5    -158.7    .0
 00884    580.5    -158.6    .0
 00902    577.5    -158.6    .0
 00919    574.4    -158.4    .0
 00937    571.2    -158.5    .0
 00954    568.1    -158.5    .0
 00972    564.8    -158.7    .0
 00989    561.7    -158.6    .0
 01006    558.5    -158.7    .0
 01024    555.4    -158.7    .0
 01041    552.2    -158.5    .0
 01058    549.1    -158.5    .0
 01074    546.1    -158.6    .0
 01089    543.3    -158.2    .0
 01107    540.0    -158.4    .0
 01125    536.6    -158.3    .0
 01141    533.7    -158.3    .0
 01156    530.9    -158.1    .0
 01173    527.7    -158.2    .0
 01191    524.3    -158.1    .0
 01208    521.0    -158.0    .0
 01226    517.7    -158.1    .0
 01240    514.9    -157.8    .0
 01255    512.1    -158.0    .0
 01273    508.6    -157.7    .0
 01290    505.5    -157.7    .0
 01308    502.0    -157.5    .0
 01326    498.6    -157.6    .0
 01343    495.2    -157.7    .0
 01360    491.9    -157.5    .0
 01375    489.0    -157.4    .0
 01391    486.1    -157.4    .0
 01409    482.5    -157.1    .0
 01427    479.0    -157.2    .0
 01444    475.7    -157.3    .0
 01459    472.8    -157.0    .0
 01477    469.2    -157.2    .0
 01496    465.5    -156.9    .0
 01512    462.4    -156.8    .0
 01529    459.0    -157.0    .0
 01547    455.6    -156.9    .0
 01563    452.4    -156.7    .0
 01581    448.8    -156.9    .0
 01596    445.8    -156.5    .0
 01614    442.4    -156.4    .0
 01632    438.7    -156.6    .0
 01648    435.7    -156.5    .0
 01665    432.3    -156.7    .0
 01682    428.9    -156.4    .0
 01699    425.5    -156.5    .0
 01716    422.0    -156.3    .0
 01731    419.1    -156.2    .0
 01746    416.2    -156.1    .0
 01764    412.6    -156.1    .0
 01781    409.1    -156.1    .0
 01799    405.6    -156.4    .0
 01814    402.6    -155.7    .0
 01832    398.9    -156.2    .0
 01851    395.2    -155.7    .0
 01869    391.6    -155.5    .0
 01887    387.9    -155.7    .0
 01906    384.3    -155.8    .0
 01924    380.7    -155.7    .0
 01940    377.5    -155.7    .0
 01958    373.9    -155.6    .0
 01974    370.6    -155.7    .0
 01992    367.0    -155.7    .0
 02008    364.0    -155.3    .0
 02023    360.9    -155.4    .0
 02041    357.2    -155.3    .0
 02058    353.9    -155.4    .0
 02076    350.3    -155.4    .0
 02094    346.9    -155.2    .0
 02110    343.6    -155.6    .0
 02125    340.6    -155.1    .0
 02144    336.9    -155.5    .0
 02162    333.4    -155.1    .0
 02176    330.5    -155.3    .0
 02194    327.0    -155.1    .0
 02211    323.7    -155.2    .0
 02228    320.2    -155.3    .0
 02244    317.2    -155.0    .0
 02260    313.9    -155.2    .0
 02279    310.2    -155.2    .0
 02294    307.3    -155.2    .0
 02312    303.8    -155.0    .0
 02329    300.4    -155.2    .0
 02347    296.9    -155.0    .0
 02363    293.7    -155.1    .0
 02381    290.2    -155.1    .0
 02397    287.2    -155.1    .0
 02413    283.9    -155.3    .0
 02431    280.5    -155.1    .0
 02446    277.5    -155.3    .0
 02465    274.0    -155.3    .0
 02480    270.9    -155.3    .0
 02498    267.6    -155.5    .0
 02513    264.7    -155.2    .0
 02531    261.2    -155.5    .0
 02549    257.7    -155.3    .0
 02567    254.3    -155.5    .0
 02585    250.9    -155.4    .0
 02600    247.9    -155.5    .0
 02618    244.5    -155.5    .0
 02635    241.4    -155.4    .0
 02652    238.2    -155.4    .0
 02667    235.4    -155.4    .0
 02682    232.5    -155.6    .0
 02700    229.1    -155.4    .0
 02718    225.8    -155.6    .0
 02733    223.1    -155.4    .0
 02750    219.8    -155.5    .0
 02768    216.5    -155.5    .0
 02784    213.5    -155.5    .0
 02801    210.5    -155.5    .0
 02818    207.3    -155.6    .0
 02835    204.2    -155.5    .0
 02850    201.5    -155.6    .0
 02865    198.9    -155.4    .0
 02882    195.7    -155.5    .0
 02900    192.5    -155.5    .0
 02916    189.7    -155.7    .0
 02934    186.5    -155.5    .0
 02948    183.9    -155.5    .0
 02966    180.7    -155.5    .0
 02984    177.6    -155.5    .0
 03000    174.7    -155.6    .0
 03018    171.7    -155.4    .0
 03034    168.8    -155.7    .0
 03052    165.8    -155.5    .0
 03070    162.7    -155.6    .0
 03088    159.5    -155.5    .0
 03104    156.8    -155.7    .0
 03119    154.2    -155.5    .0
 03135    151.6    -155.6    .0
 03154    148.4    -155.6    .0
 03168    145.9    -155.6    .0
 03186    142.9    -155.7    .0
 03202    140.4    -155.5    .0
 03217    137.9    -155.6    .0
 03235    134.9    -155.8    .0
 03250    132.5    -155.6    .0
 03267    129.7    -155.7    .0
 03284    126.9    -155.6    .0
 03301    124.3    -155.6    .0
 03317    121.7    -155.6    .0
 03334    118.9    -155.6    .0
 03351    116.2    -155.7    .0
 03368    113.7    -155.6    .0
 03384    111.2    -155.7    .0
 03401    108.5    -155.6    .0
 03417    106.1    -155.7    .0
 03434    103.6    -155.7    .0
 03448    101.4    -155.6    .0
 03466    98.7    -155.8    .0
 03484    95.9    -155.5    .0
 03499    93.8    -155.7    .0
 03517    91.1    -155.8    .0
 03532    88.9    -155.8    .0
 03549    86.4    -155.7    .0
 03566    84.0    -155.8    .0
 03581    81.8    -155.7    .0
 03597    79.6    -155.8    .0
 03614    77.1    -155.8    .0
 03630    74.9    -155.7    .0
 03648    72.5    -155.7    .0
 03666    70.0    -155.8    .0
 03683    67.7    -155.7    .0
 03698    65.6    -155.7    .0
 03715    63.3    -155.7    .0
 03733    61.0    -155.7    .0
 03749    58.9    -155.7    .0
 03766    56.7    -155.7    .0
 03783    54.5    -155.7    .0
 03798    52.7    -155.7    .0
 03814    50.6    -155.7    .0
 03830    48.6    -155.8    .0
