time temp susc csusc
 0             0             0             0             0            no
 00000    39.3    -157.4   .0
 00020    42.1    -157.2   .0
 00036    44.4    -157.5   .0
 00054    47.0    -157.3   .0
 00072    49.7    -157.6   .0
 00090    52.4    -157.4   .0
 00108    55.0    -157.6   .0
 00126    57.7    -157.4   .0
 00144    60.4    -157.7   .0
 00161    63.0    -157.4   .0
 00176    65.4    -157.7   .0
 00195    68.2    -157.6   .0
 00213    71.0    -157.6   .0
 00231    73.9    -157.5   .0
 00248    76.6    -157.5   .0
 00266    79.3    -157.5   .0
 00282    81.9    -157.7   .0
 00300    84.8    -157.6   .0
 00318    87.6    -157.6   .0
 00336    90.6    -157.7   .0
 00351    93.0    -157.5   .0
 00366    95.5    -157.7   .0
 00384    98.5    -157.6   .0
 00400    101.1    -157.8   .0
 00418    104.1    -157.6   .0
 00436    107.1    -157.8   .0
 00454    110.2    -157.6   .0
 00472    113.2    -157.7   .0
 00489    116.1    -157.7   .0
 00505    118.7    -157.8   .0
 00522    121.6    -157.8   .0
 00537    124.3    -157.7   .0
 00554    127.2    -157.7   .0
 00570    129.9    -157.8   .0
 00587    132.9    -157.6   .0
 00604    136.0    -157.8   .0
 00623    139.2    -157.7   .0
 00642    142.5    -157.8   .0
 00660    145.7    -157.8   .0
 00675    148.4    -157.9   .0
 00691    151.2    -157.9   .0
 00706    153.9    -157.6   .0
 00724    157.2    -157.9   .0
 00742    160.5    -157.8   .0
 00760    163.7    -157.8   .0
 00775    166.4    -157.7   .0
 00790    169.2    -157.9   .0
 00809    172.6    -157.8   .0
 00824    175.3    -158.0   .0
 00842    178.6    -157.8   .0
 00857    181.5    -158.2   .0
 00876    184.9    -158.0   .0
 00893    188.2    -158.0   .0
 00912    191.6    -157.8   .0
 00929    194.9    -157.9   .0
 00947    198.3    -157.9   .0
 00965    201.5    -158.0   .0
 00983    205.0    -157.7   .0
 01001    208.3    -158.0   .0
 01019    211.8    -157.8   .0
 01036    215.0    -158.0   .0
 01054    218.5    -157.9   .0
 01072    221.8    -157.8   .0
 01089    225.2    -157.9   .0
 01107    228.6    -157.9   .0
 01125    232.1    -157.8   .0
 01142    235.3    -158.0   .0
 01160    238.8    -157.8   .0
 01175    241.8    -158.0   .0
 01194    245.3    -157.9   .0
 01211    248.7    -158.1   .0
 01229    252.1    -157.8   .0
 01244    255.2    -158.1   .0
 01263    258.8    -157.9   .0
 01281    262.3    -158.1   .0
 01299    265.9    -157.9   .0
 01314    268.8    -157.9   .0
 01331    272.2    -157.9   .0
 01348    275.6    -157.9   .0
 01363    278.6    -158.1   .0
 01382    282.2    -157.9   .0
 01399    285.7    -158.0   .0
 01417    289.2    -158.0   .0
 01435    292.7    -158.0   .0
 01453    296.3    -157.9   .0
 01469    299.4    -158.2   .0
 01487    303.1    -157.9   .0
 01502    306.1    -158.0   .0
 01519    309.5    -158.0   .0
 01534    312.4    -157.9   .0
 01550    315.6    -158.0   .0
 01567    319.0    -157.9   .0
 01583    322.1    -158.0   .0
 01600    325.6    -157.8   .0
 01616    328.7    -157.9   .0
 01634    332.4    -158.0   .0
 01649    335.3    -158.0   .0
 01665    338.7    -157.9   .0
 01683    342.3    -157.9   .0
 01700    345.8    -158.0   .0
 01719    349.4    -157.8   .0
 01734    352.5    -158.0   .0
 01752    356.0    -158.1   .0
 01768    359.3    -158.1   .0
 01785    362.8    -157.9   .0
 01801    366.0    -158.1   .0
 01818    369.5    -157.9   .0
 01833    372.4    -158.0   .0
 01851    376.0    -157.8   .0
 01867    379.1    -158.1   .0
 01884    382.6    -157.9   .0
 01899    385.6    -158.0   .0
 01916    389.1    -158.0   .0
 01931    392.1    -157.8   .0
 01947    395.2    -158.0   .0
 01964    398.8    -158.0   .0
 01980    401.9    -158.1   .0
 01998    405.4    -157.8   .0
 02014    408.6    -158.0   .0
 02031    412.1    -158.1   .0
 02049    415.8    -158.1   .0
 02067    419.2    -157.8   .0
 02082    422.3    -158.2   .0
 02100    425.9    -158.1   .0
 02116    429.0    -157.9   .0
 02132    432.1    -158.2   .0
 02149    435.7    -158.1   .0
 02165    438.7    -158.0   .0
 02183    442.3    -158.1   .0
 02199    445.6    -158.0   .0
 02215    448.7    -158.2   .0
 02232    452.0    -158.2   .0
 02247    455.0    -157.9   .0
 02264    458.3    -158.2   .0
 02282    461.8    -158.2   .0
 02296    464.7    -158.1   .0
 02311    467.6    -158.1   .0
 02326    470.5    -158.7   .0
 02340    473.4    -158.1   .0
 02356    476.5    -158.1   .0
 02374    479.9    -158.3   .0
 02389    482.8    -158.0   .0
 02404    485.8    -158.3   .0
 02422    489.3    -158.2   .0
 02437    492.2    -158.1   .0
 02454    495.5    -158.3   .0
 02472    498.9    -158.2   .0
 02486    501.7    -158.1   .0
 02503    504.9    -158.2   .0
 02520    508.2    -158.3   .0
 02535    511.0    -158.2   .0
 02552    514.3    -158.1   .0
 02569    517.6    -158.2   .0
 02586    520.8    -158.3   .0
 02603    524.1    -158.2   .0
 02620    527.3    -158.2   .0
 02638    530.6    -158.4   .0
 02653    533.4    -158.4   .0
 02667    536.2    -158.3   .0
 02683    539.1    -158.5   .0
 02701    542.5    -158.5   .0
 02718    545.7    -158.4   .0
 02734    548.6    -158.4   .0
 02752    552.0    -158.5   .0
 02768    554.9    -158.7   .0
 02785    558.0    -158.7   .0
 02802    561.2    -158.9   .0
 02820    564.4    -158.9   .0
 02838    567.6    -158.7   .0
 02852    570.3    -158.8   .0
 02868    573.2    -158.7   .0
 02887    576.5    -158.8   .0
 02905    579.8    -159.0   .0
 02922    582.8    -159.0   .0
 02938    585.8    -158.9   .0
 02957    589.0    -158.9   .0
 02974    592.0    -159.1   .0
 02992    595.2    -158.9   .0
 03009    598.3    -158.7   .0
 03025    601.0    -159.0   .0
 03042    604.0    -158.9   .0
 03059    606.9    -158.7   .0
 03076    609.9    -158.9   .0
 03094    613.0    -159.2   .0
 03109    615.6    -159.2   .0
 03124    618.1    -159.0   .0
 03140    620.7    -159.2   .0
 03158    623.8    -159.1   .0
 03173    626.4    -159.2   .0
 03191    629.3    -159.1   .0
 03208    632.2    -159.2   .0
 03225    635.0    -159.1   .0
 03242    637.8    -158.9   .0
 03259    640.6    -159.2   .0
 03277    643.5    -159.3   .0
 03295    646.4    -159.4   .0
 03310    648.8    -158.8   .0
 03324    651.1    -159.5   .0
 03343    654.0    -159.3   .0
 03360    656.7    -159.5   .0
 03377    659.5    -159.4   .0
 03393    662.0    -159.1   .0
 03410    664.7    -159.5   .0
 03428    667.4    -159.1   .0
 03445    669.9    -159.4   .0
 03463    672.7    -159.4   .0
 03480    675.3    -159.4   .0
 03495    677.6    -159.3   .0
 03510    679.8    -159.6   .0
 03528    682.5    -159.3   .0
 03546    685.1    -159.4   .0
 03561    687.3    -159.4   .0
 03577    689.7    -159.5   .0
 03595    692.2    -159.2   .0
 00005    692.7    -159.3    .0
 00018    694.1    -159.4    .0
 00035    696.0    -159.4    .0
 00050    697.7    -159.5    .0
 00065    699.5    -159.4    .0
 00083    701.8    -159.7    .0
 00101    703.9    -159.6    .0
 00118    701.6    -159.3    .0
 00135    699.4    -159.4    .0
 00153    697.0    -159.1    .0
 00170    694.6    -159.3    .0
 00188    692.2    -159.4    .0
 00206    689.7    -159.3    .0
 00224    687.2    -159.4    .0
 00239    685.1    -159.2    .0
 00255    682.9    -159.3    .0
 00273    680.3    -159.3    .0
 00290    677.8    -159.8    .0
 00308    675.2    -159.2    .0
 00325    672.7    -159.4    .0
 00339    670.6    -159.1    .0
 00354    668.4    -159.5    .0
 00373    665.6    -159.3    .0
 00390    662.9    -159.3    .0
 00408    660.2    -159.2    .0
 00426    657.6    -159.5    .0
 00441    655.2    -159.3    .0
 00456    652.8    -159.6    .0
 00474    650.0    -159.2    .0
 00492    647.2    -159.6    .0
 00508    644.7    -159.1    .0
 00526    641.8    -159.1    .0
 00544    638.9    -159.2    .0
 00561    636.2    -159.0    .0
 00579    633.3    -159.3    .0
 00594    630.8    -159.2    .0
 00609    628.5    -159.0    .0
 00627    625.5    -159.1    .0
 00645    622.4    -159.0    .0
 00660    620.0    -159.4    .0
 00677    617.1    -159.0    .0
 00695    614.0    -159.0    .0
 00711    611.4    -158.9    .0
 00729    608.4    -158.9    .0
 00746    605.5    -159.1    .0
 00760    603.0    -158.7    .0
 00778    599.9    -158.9    .0
 00797    596.7    -158.9    .0
 00813    593.9    -158.7    .0
 00828    591.2    -158.6    .0
 00843    588.7    -158.7    .0
 00860    585.6    -158.9    .0
 00878    582.4    -158.9    .0
 00893    579.8    -158.8    .0
 00908    577.1    -158.7    .0
 00926    573.9    -158.9    .0
 00944    570.8    -158.7    .0
 00958    568.1    -158.7    .0
 00973    565.4    -158.4    .0
 00992    562.0    -158.7    .0
 01008    559.2    -158.6    .0
 01023    556.4    -158.6    .0
 01038    553.5    -158.6    .0
 01057    550.2    -158.5    .0
 01074    546.9    -158.4    .0
 01092    543.7    -158.6    .0
 01109    540.4    -158.6    .0
 01127    537.2    -158.2    .0
 01145    533.8    -158.2    .0
 01162    530.6    -158.2    .0
 01179    527.4    -157.9    .0
 01196    524.3    -158.1    .0
 01213    520.9    -158.2    .0
 01228    518.0    -158.0    .0
 01244    515.1    -157.9    .0
 01260    511.9    -157.8    .0
 01278    508.6    -158.0    .0
 01295    505.3    -157.8    .0
 01313    502.0    -157.9    .0
 01330    498.6    -157.6    .0
 01348    495.2    -157.5    .0
 01366    491.7    -157.4    .0
 01383    488.4    -157.5    .0
 01399    485.2    -157.3    .0
 01416    482.0    -157.2    .0
 01434    478.5    -157.2    .0
 01452    475.1    -157.1    .0
 01469    471.7    -157.1    .0
 01486    468.3    -157.0    .0
 01504    464.9    -156.9    .0
 01521    461.5    -156.9    .0
 01539    458.0    -156.9    .0
 01555    454.8    -156.7    .0
 01572    451.4    -156.6    .0
 01590    448.0    -156.5    .0
 01607    444.5    -156.6    .0
 01625    441.0    -156.7    .0
 01640    438.1    -156.4    .0
 01658    434.5    -156.6    .0
 01676    430.8    -156.4    .0
 01692    427.7    -156.5    .0
 01711    424.1    -156.3    .0
 01728    420.6    -156.6    .0
 01745    417.1    -156.3    .0
 01763    413.7    -156.3    .0
 01780    410.3    -156.2    .0
 01797    406.8    -156.2    .0
 01814    403.4    -156.1    .0
 01832    399.8    -156.2    .0
 01850    396.3    -156.1    .0
 01867    392.9    -156.3    .0
 01882    390.0    -155.9    .0
 01900    386.4    -156.3    .0
 01918    382.7    -155.9    .0
 01936    379.1    -156.4    .0
 01955    375.5    -155.9    .0
 01970    372.4    -155.9    .0
 01987    369.0    -156.0    .0
 02005    365.5    -155.9    .0
 02023    361.9    -155.9    .0
 02040    358.5    -155.9    .0
 02055    355.5    -155.8    .0
 02070    352.4    -155.7    .0
 02089    348.7    -155.8    .0
 02105    345.4    -155.8    .0
 02123    341.9    -155.7    .0
 02140    338.5    -155.8    .0
 02155    335.6    -155.8    .0
 02170    332.6    -155.7    .0
 02185    329.6    -155.7    .0
 02203    326.1    -155.7    .0
 02221    322.6    -155.6    .0
 02238    319.2    -155.7    .0
 02252    316.3    -155.6    .0
 02268    313.3    -155.6    .0
 02286    309.7    -155.6    .0
 02303    306.3    -155.7    .0
 02318    303.4    -155.6    .0
 02334    300.3    -155.6    .0
 02352    296.7    -155.6    .0
 02368    293.6    -155.7    .0
 02386    290.1    -155.6    .0
 02402    286.9    -155.5    .0
 02420    283.5    -155.6    .0
 02437    280.1    -155.5    .0
 02455    276.8    -155.6    .0
 02472    273.3    -155.5    .0
 02488    270.3    -155.6    .0
 02504    267.2    -155.8    .0
 02522    263.7    -155.7    .0
 02540    260.4    -155.2    .0
 02555    257.4    -155.7    .0
 02574    253.9    -155.5    .0
 02592    250.4    -155.3    .0
 02610    247.0    -155.7    .0
 02626    244.0    -155.5    .0
 02644    240.6    -155.6    .0
 02659    237.6    -155.7    .0
 02674    234.8    -155.6    .0
 02690    231.9    -155.6    .0
 02707    228.6    -155.7    .0
 02725    225.4    -155.6    .0
 02741    222.5    -155.5    .0
 02757    219.4    -155.6    .0
 02775    216.1    -155.6    .0
 02791    213.2    -155.7    .0
 02808    210.0    -155.5    .0
 02826    206.8    -155.4    .0
 02842    203.9    -155.5    .0
 02860    200.6    -155.3    .0
 02876    197.7    -155.5    .0
 02894    194.4    -155.5    .0
 02910    191.6    -155.5    .0
 02927    188.4    -155.5    .0
 02943    185.6    -155.5    .0
 02961    182.5    -155.4    .0
 02977    179.7    -155.4    .0
 02995    176.5    -155.4    .0
 03010    173.8    -155.4    .0
 03025    171.2    -155.4    .0
 03040    168.7    -155.6    .0
 03058    165.5    -155.3    .0
 03074    162.8    -155.4    .0
 03092    159.7    -155.5    .0
 03106    157.2    -155.3    .0
 03124    154.2    -155.3    .0
 03142    151.1    -155.3    .0
 03158    148.4    -155.3    .0
 03176    145.5    -155.2    .0
 03191    142.9    -155.2    .0
 03207    140.3    -155.5    .0
 03224    137.5    -155.4    .0
 03241    134.6    -155.4    .0
 03256    132.2    -155.4    .0
 03271    129.7    -155.4    .0
 03288    127.0    -155.4    .0
 03303    124.6    -155.3    .0
 03319    122.1    -155.4    .0
 03337    119.2    -155.4    .0
 03354    116.5    -155.4    .0
 03369    114.3    -155.4    .0
 03385    111.8    -155.4    .0
 03402    109.1    -155.3    .0
 03419    106.5    -155.4    .0
 03436    103.8    -155.5    .0
 03452    101.5    -155.4    .0
 03467    99.2    -155.3    .0
 03482    96.9    -155.4    .0
 03501    94.1    -155.4    .0
 03516    91.8    -155.4    .0
 03534    89.3    -155.4    .0
 03550    86.9    -155.5    .0
 03567    84.4    -155.4    .0
 03583    82.2    -155.4    .0
 03601    79.7    -155.4    .0
 03618    77.2    -155.4    .0
 03634    75.0    -155.3    .0
 03652    72.6    -155.6    .0
 03666    70.5    -155.3    .0
 03681    68.6    -155.4    .0
 03699    66.1    -155.3    .0
 03714    64.1    -155.3    .0
 03732    61.8    -155.4    .0
 03749    59.5    -155.4    .0
 03766    57.3    -155.4    .0
 03782    55.2    -155.4    .0
 03798    53.2    -155.3    .0
 03815    51.0    -155.4    .0
 03833    48.8    -155.3    .0
